  0.0000000e+000  1.0000000e+000  0.0000000e+000  1.0000000e+000
  1.0000000e-003  9.5353974e-001  1.0000000e-003  1.0056257e+000
  2.0000000e-003  8.7516292e-001  2.0000000e-003  1.0087949e+000
  3.0000000e-003  7.7078605e-001  3.0000000e-003  1.0094421e+000
  4.0000000e-003  6.4796089e-001  4.0000000e-003  1.0075083e+000
  5.0000000e-003  5.1534173e-001  5.0000000e-003  1.0029421e+000
  6.0000000e-003  3.8217839e-001  6.0000000e-003  9.9570201e-001
  7.0000000e-003  2.5777161e-001  7.0000000e-003  9.8575832e-001
  8.0000000e-003  1.5082859e-001  8.0000000e-003  9.7309543e-001
  9.0000000e-003  6.8706048e-002  9.0000000e-003  9.5771463e-001
  1.0000000e-002  1.6613347e-002  1.0000000e-002  9.3963692e-001
  1.1000000e-002  3.0648225e-003  1.1000000e-002  9.1890604e-001
  1.2000000e-002  8.8726985e-003  1.2000000e-002  8.9559158e-001
  1.3000000e-002  4.8553663e-002  1.3000000e-002  8.6979203e-001
  1.4000000e-002  1.0963111e-001  1.4000000e-002  8.4163766e-001
  1.5000000e-002  1.8423481e-001  1.5000000e-002  8.1129308e-001
  1.6000000e-002  2.6403997e-001  1.6000000e-002  7.7895916e-001
  1.7000000e-002  3.4121951e-001  1.7000000e-002  7.4487433e-001
  1.8000000e-002  4.0913414e-001  1.8000000e-002  7.0931486e-001
  1.9000000e-002  4.6273060e-001  1.9000000e-002  6.7259391e-001
  2.0000000e-002  4.9870671e-001  2.0000000e-002  6.3505928e-001
  2.1000000e-002  5.1553476e-001  2.1000000e-002  5.9708964e-001
  2.2000000e-002  5.1341592e-001  2.2000000e-002  5.5908909e-001
  2.3000000e-002  4.9418759e-001  2.3000000e-002  5.2148022e-001
  2.4000000e-002  4.6115083e-001  2.4000000e-002  4.8469566e-001
  2.5000000e-002  4.1875515e-001  2.5000000e-002  4.4916833e-001
  2.6000000e-002  3.7209876e-001  2.6000000e-002  4.1532083e-001
  2.7000000e-002  3.2627615e-001  2.7000000e-002  3.8355434e-001
  2.8000000e-002  2.8569782e-001  2.8000000e-002  3.5423755e-001
  2.9000000e-002  2.5355753e-001  2.9000000e-002  3.2769618e-001
  3.0000000e-002  2.3158589e-001  3.0000000e-002  3.0420364e-001
  3.1000000e-002  2.2012172e-001  3.1000000e-002  2.8397336e-001
  3.2000000e-002  2.1841951e-001  3.2000000e-002  2.6715311e-001
  3.3000000e-002  2.2505350e-001  3.3000000e-002  2.5382174e-001
  3.4000000e-002  2.3829088e-001  3.4000000e-002  2.4398825e-001
  3.5000000e-002  2.5635737e-001  3.5000000e-002  2.3759336e-001
  3.6000000e-002  2.7757256e-001  3.6000000e-002  2.3451322e-001
  3.7000000e-002  3.0036787e-001  3.7000000e-002  2.3456507e-001
  3.8000000e-002  3.2321663e-001  3.8000000e-002  2.3751440e-001
  3.9000000e-002  3.4451400e-001  3.9000000e-002  2.4308318e-001
  4.0000000e-002  3.6245689e-001  4.0000000e-002  2.5095864e-001
  4.1000000e-002  3.7499575e-001  4.1000000e-002  2.6080227e-001
  4.2000000e-002  3.7995195e-001  4.2000000e-002  2.7225859e-001
  4.3000000e-002  3.7537805e-001  4.3000000e-002  2.8496340e-001
  4.4000000e-002  3.6013231e-001  4.4000000e-002  2.9855128e-001
  4.5000000e-002  3.3444841e-001  4.5000000e-002  3.1266217e-001
  4.6000000e-002  3.0014921e-001  4.6000000e-002  3.2694710e-001
  4.7000000e-002  2.6028192e-001  4.7000000e-002  3.4107276e-001
  4.8000000e-002  2.1832046e-001  4.8000000e-002  3.5472534e-001
  4.9000000e-002  1.7735860e-001  4.9000000e-002  3.6761338e-001
  5.0000000e-002  1.3964811e-001  5.0000000e-002  3.7946994e-001
  5.1000000e-002  1.0654825e-001  5.1000000e-002  3.9005415e-001
  5.2000000e-002  7.8735873e-002  5.2000000e-002  3.9915223e-001
  5.3000000e-002  5.6490267e-002  5.3000000e-002  4.0657811e-001
  5.4000000e-002  3.9935692e-002  5.4000000e-002  4.1217382e-001
  5.5000000e-002  2.9198548e-002  5.5000000e-002  4.1580967e-001
  5.6000000e-002  2.4475754e-002  5.6000000e-002  4.1738424e-001
  5.7000000e-002  2.6020439e-002  5.7000000e-002  4.1682444e-001
  5.8000000e-002  3.4047510e-002  5.8000000e-002  4.1408546e-001
  5.9000000e-002  4.8560563e-002  5.9000000e-002  4.0915080e-001
  6.0000000e-002  6.9115913e-002  6.0000000e-002  4.0203227e-001
  6.1000000e-002  9.4576706e-002  6.1000000e-002  3.9277004e-001
  6.2000000e-002  1.2296202e-001  6.2000000e-002  3.8143268e-001
  6.3000000e-002  1.5152435e-001  6.3000000e-002  3.6811714e-001
  6.4000000e-002  1.7713648e-001  6.4000000e-002  3.5294865e-001
  6.5000000e-002  1.9691732e-001  6.5000000e-002  3.3608048e-001
  6.6000000e-002  2.0886080e-001  6.6000000e-002  3.1769343e-001
  6.7000000e-002  2.1219955e-001  6.7000000e-002  2.9799510e-001
  6.8000000e-002  2.0738353e-001  6.8000000e-002  2.7721868e-001
  6.9000000e-002  1.9576228e-001  6.9000000e-002  2.5562136e-001
  7.0000000e-002  1.7916727e-001  7.0000000e-002  2.3348212e-001
  7.1000000e-002  1.5955886e-001  7.1000000e-002  2.1109898e-001
  7.2000000e-002  1.3880463e-001  7.2000000e-002  1.8878552e-001
  7.3000000e-002  1.1857280e-001  7.3000000e-002  1.6686679e-001
  7.4000000e-002  1.0028500e-001  7.4000000e-002  1.4567439e-001
  7.5000000e-002  8.5067623e-002  7.5000000e-002  1.2554105e-001
  7.6000000e-002  7.3658248e-002  7.6000000e-002  1.0679453e-001
  7.7000000e-002  6.6261331e-002  7.7000000e-002  8.9751061e-002
  7.8000000e-002  6.2407161e-002  7.8000000e-002  7.4708513e-002
  7.9000000e-002  6.0927002e-002  7.9000000e-002  6.1939455e-002
  8.0000000e-002  6.0155091e-002  8.0000000e-002  5.1684327e-002
  8.1000000e-002  5.8354978e-002  8.1000000e-002  4.4145019e-002
  8.2000000e-002  5.4202027e-002  8.2000000e-002  3.9479095e-002
  8.3000000e-002  4.7093419e-002  8.3000000e-002  3.7794934e-002
  8.4000000e-002  3.7175149e-002  8.4000000e-002  3.9148017e-002
  8.5000000e-002  2.5154459e-002  8.5000000e-002  4.3538559e-002
  8.6000000e-002  1.2049055e-002  8.6000000e-002  5.0910614e-002
  8.7000000e-002  1.0118973e-003  8.7000000e-002  6.1152736e-002
  8.8000000e-002  1.2897062e-002  8.8000000e-002  7.4100181e-002
  8.9000000e-002  2.2508241e-002  8.9000000e-002  8.9538584e-002
  9.0000000e-002  2.8776634e-002  9.0000000e-002  1.0720895e-001
  9.1000000e-002  3.0655730e-002  9.1000000e-002  1.2681379e-001
  9.2000000e-002  2.7144147e-002  9.2000000e-002  1.4802406e-001
  9.3000000e-002  1.7372185e-002  9.3000000e-002  1.7048677e-001
  9.4000000e-002  7.8566107e-004  9.4000000e-002  1.9383286e-001
  9.5000000e-002  2.2553393e-002  9.5000000e-002  2.1768506e-001
  9.6000000e-002  5.1579254e-002  9.6000000e-002  2.4166559e-001
  9.7000000e-002  8.3879249e-002  9.7000000e-002  2.6540335e-001
  9.8000000e-002  1.1564584e-001  9.8000000e-002  2.8854051e-001
  9.9000000e-002  1.4219182e-001  9.9000000e-002  3.1073827e-001
  1.0000000e-001  1.5905786e-001  1.0000000e-001  3.3168187e-001
  1.0100000e-001  1.6330186e-001  1.0100000e-001  3.5108462e-001
  1.0200000e-001  1.5430386e-001  1.0200000e-001  3.6869106e-001
  1.0300000e-001  1.3369051e-001  1.0300000e-001  3.8427927e-001
  1.0400000e-001  1.0456261e-001  1.0400000e-001  3.9766234e-001
  1.0500000e-001  7.0548263e-002  1.0500000e-001  4.0868913e-001
  1.0600000e-001  3.5098203e-002  1.0600000e-001  4.1724435e-001
  1.0700000e-001  1.1405466e-003  1.0700000e-001  4.2324813e-001
  1.0800000e-001  2.8998525e-002  1.0800000e-001  4.2665501e-001
  1.0900000e-001  5.3556147e-002  1.0900000e-001  4.2745265e-001
  1.1000000e-001  7.1288099e-002  1.1000000e-001  4.2566018e-001
  1.1100000e-001  8.1470342e-002  1.1100000e-001  4.2132625e-001
  1.1200000e-001  8.3945214e-002  1.1200000e-001  4.1452701e-001
  1.1300000e-001  7.9170700e-002  1.1300000e-001  4.0536387e-001
  1.1400000e-001  6.8212264e-002  1.1400000e-001  3.9396118e-001
  1.1500000e-001  5.2628837e-002  1.1500000e-001  3.8046392e-001
  1.1600000e-001  3.4248435e-002  1.1600000e-001  3.6503526e-001
  1.1700000e-001  1.4883821e-002  1.1700000e-001  3.4785417e-001
  1.1800000e-001  3.9291835e-003  1.1800000e-001  3.2911310e-001
  1.1900000e-001  2.1099289e-002  1.1900000e-001  3.0901553e-001
  1.2000000e-001  3.6025546e-002  1.2000000e-001  2.8777370e-001
  1.2100000e-001  4.8539551e-002  1.2100000e-001  2.6560632e-001
  1.2200000e-001  5.8786303e-002  1.2200000e-001  2.4273628e-001
  1.2300000e-001  6.7085093e-002  1.2300000e-001  2.1938853e-001
  1.2400000e-001  7.3797131e-002  1.2400000e-001  1.9578794e-001
  1.2500000e-001  7.9211191e-002  1.2500000e-001  1.7215717e-001
  1.2600000e-001  8.3450005e-002  1.2600000e-001  1.4871481e-001
  1.2700000e-001  8.6400727e-002  1.2700000e-001  1.2567334e-001
  1.2800000e-001  8.7681308e-002  1.2800000e-001  1.0323739e-001
  1.2900000e-001  8.6665845e-002  1.2900000e-001  8.1602005e-002
  1.3000000e-001  8.2595623e-002  1.3000000e-001  6.0950962e-002
  1.3100000e-001  7.4784048e-002  1.3100000e-001  4.1455299e-002
  1.3200000e-001  6.2876625e-002  1.3200000e-001  2.3271883e-002
  1.3300000e-001  4.7072412e-002  1.3300000e-001  6.5421262e-003
  1.3400000e-001  2.8199877e-002  1.3400000e-001  8.6091688e-003
  1.3500000e-001  7.6005358e-003  1.3500000e-001  2.2074835e-002
  1.3600000e-001  1.3125455e-002  1.3600000e-001  3.3766222e-002
  1.3700000e-001  3.2395667e-002  1.3700000e-001  4.3613930e-002
  1.3800000e-001  4.8846490e-002  1.3800000e-001  5.1568391e-002
  1.3900000e-001  6.1428901e-002  1.3900000e-001  5.7600296e-002
  1.4000000e-001  6.9426421e-002  1.4000000e-001  6.1700858e-002
  1.4100000e-001  7.2442774e-002  1.4100000e-001  6.3881907e-002
  1.4200000e-001  7.0396116e-002  1.4200000e-001  6.4175818e-002
  1.4300000e-001  6.3533109e-002  1.4300000e-001  6.2635260e-002
  1.4400000e-001  5.2451610e-002  1.4400000e-001  5.9332769e-002
  1.4500000e-001  3.8102346e-002  1.4500000e-001  5.4360134e-002
  1.4600000e-001  2.1734313e-002  1.4600000e-001  4.7827599e-002
  1.4700000e-001  4.7627583e-003  1.4700000e-001  3.9862863e-002
  1.4800000e-001  1.1428169e-002  1.4800000e-001  3.0609894e-002
  1.4900000e-001  2.5698581e-002  1.4900000e-001  2.0227540e-002
