  0.0000000e+000  1.0000000e+000  0.0000000e+000  1.0000000e+000
  1.0000000e-003  9.4192324e-001  1.0000000e-003  1.0135266e+000
  2.0000000e-003  8.5757421e-001  2.0000000e-003  1.0232586e+000
  3.0000000e-003  7.5362822e-001  3.0000000e-003  1.0290609e+000
  4.0000000e-003  6.3725777e-001  4.0000000e-003  1.0308366e+000
  5.0000000e-003  5.1581098e-001  5.0000000e-003  1.0285297e+000
  6.0000000e-003  3.9663759e-001  6.0000000e-003  1.0221264e+000
  7.0000000e-003  2.8694520e-001  7.0000000e-003  1.0116572e+000
  8.0000000e-003  1.9357115e-001  8.0000000e-003  9.9719674e-001
  9.0000000e-003  1.2258084e-001  9.0000000e-003  9.7886477e-001
  1.0000000e-002  7.8658002e-002  1.0000000e-002  9.5682500e-001
  1.1000000e-002  6.4345149e-002  1.1000000e-002  9.3128403e-001
  1.2000000e-002  7.9312545e-002  1.2000000e-002  9.0248925e-001
  1.3000000e-002  1.1993528e-001  1.3000000e-002  8.7072617e-001
  1.4000000e-002  1.7946059e-001  1.4000000e-002  8.3631490e-001
  1.5000000e-002  2.4889434e-001  1.5000000e-002  7.9960615e-001
  1.6000000e-002  3.1846069e-001  1.6000000e-002  7.6097650e-001
  1.7000000e-002  3.7923721e-001  1.7000000e-002  7.2082322e-001
  1.8000000e-002  4.2449725e-001  1.8000000e-002  6.7955868e-001
  1.9000000e-002  4.5044267e-001  1.9000000e-002  6.3760441e-001
  2.0000000e-002  4.5627342e-001  2.0000000e-002  5.9538500e-001
  2.1000000e-002  4.4375692e-001  2.1000000e-002  5.5332195e-001
  2.2000000e-002  4.1654337e-001  2.2000000e-002  5.1182749e-001
  2.3000000e-002  3.7943657e-001  2.3000000e-002  4.7129874e-001
  2.4000000e-002  3.3774057e-001  2.4000000e-002  4.3211206e-001
  2.5000000e-002  2.9671766e-001  2.5000000e-002  3.9461789e-001
  2.6000000e-002  2.6114100e-001  2.6000000e-002  3.5913610e-001
  2.7000000e-002  2.3490814e-001  2.7000000e-002  3.2595199e-001
  2.8000000e-002  2.2069306e-001  2.8000000e-002  2.9531292e-001
  2.9000000e-002  2.1964266e-001  2.9000000e-002  2.6742569e-001
  3.0000000e-002  2.3116014e-001  3.0000000e-002  2.4245474e-001
  3.1000000e-002  2.5284813e-001  3.1000000e-002  2.2052097e-001
  3.2000000e-002  2.8069120e-001  3.2000000e-002  2.0170150e-001
  3.3000000e-002  3.0952621e-001  3.3000000e-002  1.8602999e-001
  3.4000000e-002  3.3377583e-001  3.4000000e-002  1.7349772e-001
  3.5000000e-002  3.4832773e-001  3.5000000e-002  1.6405530e-001
  3.6000000e-002  3.4937100e-001  3.6000000e-002  1.5761485e-001
  3.7000000e-002  3.3499442e-001  3.7000000e-002  1.5405280e-001
  3.8000000e-002  3.0541828e-001  3.8000000e-002  1.5321294e-001
  3.9000000e-002  2.6284294e-001  3.9000000e-002  1.5490991e-001
  4.0000000e-002  2.1099963e-001  4.0000000e-002  1.5893289e-001
  4.1000000e-002  1.5454267e-001  4.1000000e-002  1.6504947e-001
  4.2000000e-002  9.8418099e-002  4.2000000e-002  1.7300959e-001
  4.3000000e-002  4.7303053e-002  4.3000000e-002  1.8254961e-001
  4.4000000e-002  5.1605052e-003  4.4000000e-002  1.9339630e-001
  4.5000000e-002  2.5083253e-002  4.5000000e-002  2.0527072e-001
  4.6000000e-002  4.1748459e-002  4.6000000e-002  2.1789213e-001
  4.7000000e-002  4.4508858e-002  4.7000000e-002  2.3098164e-001
  4.8000000e-002  3.4395335e-002  4.8000000e-002  2.4426574e-001
  4.9000000e-002  1.3684587e-002  4.9000000e-002  2.5747964e-001
  5.0000000e-002  1.4341918e-002  5.0000000e-002  2.7037037e-001
  5.1000000e-002  4.5772034e-002  5.1000000e-002  2.8269972e-001
  5.2000000e-002  7.6546258e-002  5.2000000e-002  2.9424686e-001
  5.3000000e-002  1.0299033e-001  5.3000000e-002  3.0481077e-001
  5.4000000e-002  1.2230688e-001  5.4000000e-002  3.1421239e-001
  5.5000000e-002  1.3292867e-001  5.5000000e-002  3.2229653e-001
  5.6000000e-002  1.3466080e-001  5.6000000e-002  3.2893349e-001
  5.7000000e-002  1.2859023e-001  5.7000000e-002  3.3402037e-001
  5.8000000e-002  1.1679851e-001  5.8000000e-002  3.3748212e-001
  5.9000000e-002  1.0195427e-001  5.9000000e-002  3.3927225e-001
  6.0000000e-002  8.6874202e-002  6.0000000e-002  3.3937326e-001
  6.1000000e-002  7.4126771e-002  6.1000000e-002  3.3779666e-001
  6.2000000e-002  6.5723777e-002  6.2000000e-002  3.3458268e-001
  6.3000000e-002  6.2916984e-002  6.3000000e-002  3.2979959e-001
  6.4000000e-002  6.6097674e-002  6.4000000e-002  3.2354267e-001
  6.5000000e-002  7.4789661e-002  6.5000000e-002  3.1593274e-001
  6.6000000e-002  8.7727043e-002  6.6000000e-002  3.0711429e-001
  6.7000000e-002  1.0301144e-001  6.7000000e-002  2.9725331e-001
  6.8000000e-002  1.1834371e-001  6.8000000e-002  2.8653462e-001
  6.9000000e-002  1.3131800e-001  6.9000000e-002  2.7515889e-001
  7.0000000e-002  1.3975142e-001  7.0000000e-002  2.6333940e-001
  7.1000000e-002  1.4200468e-001  7.1000000e-002  2.5129835e-001
  7.2000000e-002  1.3723683e-001  7.2000000e-002  2.3926310e-001
  7.3000000e-002  1.2554029e-001  7.3000000e-002  2.2746216e-001
  7.4000000e-002  1.0792424e-001  7.4000000e-002  2.1612107e-001
  7.5000000e-002  8.6150194e-002  7.5000000e-002  2.0545834e-001
  7.6000000e-002  6.2459574e-002  7.6000000e-002  1.9568136e-001
  7.7000000e-002  3.9254471e-002  7.7000000e-002  1.8698259e-001
  7.8000000e-002  1.8793524e-002  7.8000000e-002  1.7953589e-001
  7.9000000e-002  2.9476250e-003  7.9000000e-002  1.7349335e-001
  8.0000000e-002  6.9640617e-003  8.0000000e-002  1.6898234e-001
  8.1000000e-002  1.0258263e-002  8.1000000e-002  1.6610326e-001
  8.2000000e-002  6.9041490e-003  8.2000000e-002  1.6492771e-001
  8.3000000e-002  2.5136900e-003  8.3000000e-002  1.6549730e-001
  8.4000000e-002  1.6876500e-002  8.4000000e-002  1.6782307e-001
  8.5000000e-002  3.4653760e-002  8.5000000e-002  1.7188554e-001
  8.6000000e-002  5.4066450e-002  8.6000000e-002  1.7763533e-001
  8.7000000e-002  7.3286595e-002  8.7000000e-002  1.8499439e-001
  8.8000000e-002  9.0656427e-002  8.8000000e-002  1.9385778e-001
  8.9000000e-002  1.0489477e-001  8.9000000e-002  2.0409581e-001
  9.0000000e-002  1.1524749e-001  9.0000000e-002  2.1555674e-001
  9.1000000e-002  1.2154273e-001  9.1000000e-002  2.2806961e-001
  9.2000000e-002  1.2413338e-001  9.2000000e-002  2.4144748e-001
  9.3000000e-002  1.2374168e-001  9.3000000e-002  2.5549074e-001
  9.4000000e-002  1.2124970e-001  9.4000000e-002  2.6999050e-001
  9.5000000e-002  1.1748983e-001  9.5000000e-002  2.8473199e-001
  9.6000000e-002  1.1308142e-001  9.6000000e-002  2.9949792e-001
  9.7000000e-002  1.0833799e-001  9.7000000e-002  3.1407174e-001
  9.8000000e-002  1.0324816e-001  9.8000000e-002  3.2824067e-001
  9.9000000e-002  9.7519265e-002  9.9000000e-002  3.4179856e-001
  1.0000000e-001  9.0666562e-002  1.0000000e-001  3.5454856e-001
  1.0100000e-001  8.2131971e-002  1.0100000e-001  3.6630546e-001
  1.0200000e-001  7.1417952e-002  1.0200000e-001  3.7689787e-001
  1.0300000e-001  5.8223226e-002  1.0300000e-001  3.8617001e-001
  1.0400000e-001  4.2565236e-002  1.0400000e-001  3.9398337e-001
  1.0500000e-001  2.4870952e-002  1.0500000e-001  4.0021800e-001
  1.0600000e-001  6.0153012e-003  1.0600000e-001  4.0477367e-001
  1.0700000e-001  1.2711530e-002  1.0700000e-001  4.0757068e-001
  1.0800000e-001  2.9717857e-002  1.0800000e-001  4.0855052e-001
  1.0900000e-001  4.3299634e-002  1.0900000e-001  4.0767635e-001
  1.1000000e-001  5.1880669e-002  1.1000000e-001  4.0493319e-001
  1.1100000e-001  5.4264634e-002  1.1100000e-001  4.0032799e-001
  1.1200000e-001  4.9854380e-002  1.1200000e-001  3.9388951e-001
  1.1300000e-001  3.8800888e-002  1.1300000e-001  3.8566803e-001
  1.1400000e-001  2.2059595e-002  1.1400000e-001  3.7573484e-001
  1.1500000e-001  1.3489969e-003  1.1500000e-001  3.6418161e-001
  1.1600000e-001  2.0981137e-002  1.1600000e-001  3.5111954e-001
  1.1700000e-001  4.2159318e-002  1.1700000e-001  3.3667833e-001
  1.1800000e-001  5.9266495e-002  1.1800000e-001  3.2100499e-001
  1.1900000e-001  6.9560449e-002  1.1900000e-001  3.0426237e-001
  1.2000000e-001  7.0828819e-002  1.2000000e-001  2.8662757e-001
  1.2100000e-001  6.1733975e-002  1.2100000e-001  2.6829006e-001
  1.2200000e-001  4.2094010e-002  1.2200000e-001  2.4944963e-001
  1.2300000e-001  1.3031821e-002  1.2300000e-001  2.3031409e-001
  1.2400000e-001  2.3068209e-002  1.2400000e-001  2.1109678e-001
  1.2500000e-001  6.2821661e-002  1.2500000e-001  1.9201385e-001
  1.2600000e-001  1.0229373e-001  1.2600000e-001  1.7328143e-001
  1.2700000e-001  1.3755169e-001  1.2700000e-001  1.5511256e-001
  1.2800000e-001  1.6520531e-001  1.2800000e-001  1.3771411e-001
  1.2900000e-001  1.8283018e-001  1.2900000e-001  1.2128355e-001
  1.3000000e-001  1.8921167e-001  1.3000000e-001  1.0600581e-001
  1.3100000e-001  1.8439969e-001  1.3100000e-001  9.2050139e-002
  1.3200000e-001  1.6960508e-001  1.3200000e-001  7.9567134e-002
  1.3300000e-001  1.4698564e-001  1.3300000e-001  6.8685990e-002
  1.3400000e-001  1.1936655e-001  1.3400000e-001  5.9512030e-002
  1.3500000e-001  8.9926869e-002  1.3500000e-001  5.2124609e-002
  1.3600000e-001  6.1871675e-002  1.3600000e-001  4.6575468e-002
  1.3700000e-001  3.8105386e-002  1.3700000e-001  4.2887584e-002
  1.3800000e-001  2.0927156e-002  1.3800000e-001  4.1054574e-002
  1.3900000e-001  1.1779446e-002  1.3900000e-001  4.1040685e-002
  1.4000000e-001  1.1088513e-002  1.4000000e-001  4.2781393e-002
  1.4100000e-001  1.8232268e-002  1.4100000e-001  4.6184594e-002
  1.4200000e-001  3.1652861e-002  1.4200000e-001  5.1132372e-002
  1.4300000e-001  4.9101828e-002  1.4300000e-001  5.7483311e-002
  1.4400000e-001  6.7975227e-002  1.4400000e-001  6.5075262e-002
  1.4500000e-001  8.5677095e-002  1.4500000e-001  7.3728530e-002
  1.4600000e-001  9.9948931e-002  1.4600000e-001  8.3249359e-002
  1.4700000e-001  1.0911905e-001  1.4700000e-001  9.3433635e-002
  1.4800000e-001  1.1224992e-001  1.4800000e-001  1.0407071e-001
  1.4900000e-001  1.0918363e-001  1.4900000e-001  1.1494727e-001
