  0.0000000e+000  1.0000000e+000  0.0000000e+000  1.0000000e+000
  1.0000000e-003  9.1845571e-001  1.0000000e-003  9.9511756e-001
  2.0000000e-003  8.0978563e-001  2.0000000e-003  9.8602098e-001
  3.0000000e-003  6.8339075e-001  3.0000000e-003  9.7277824e-001
  4.0000000e-003  5.4871616e-001  4.0000000e-003  9.5549879e-001
  5.0000000e-003  4.1460659e-001  5.0000000e-003  9.3433358e-001
  6.0000000e-003  2.8904454e-001  6.0000000e-003  9.0947469e-001
  7.0000000e-003  1.7910047e-001  7.0000000e-003  8.8115440e-001
  8.0000000e-003  9.0919810e-002  8.0000000e-003  8.4964368e-001
  9.0000000e-003  2.9602944e-002  9.0000000e-003  8.1525009e-001
  1.0000000e-002  1.1165056e-003  1.0000000e-002  7.7831492e-001
  1.1000000e-002  5.8182335e-004  1.1000000e-002  7.3920977e-001
  1.2000000e-002  3.3916113e-002  1.2000000e-002  6.9833237e-001
  1.3000000e-002  9.4888086e-002  1.3000000e-002  6.5610181e-001
  1.4000000e-002  1.7607394e-001  1.4000000e-002  6.1295317e-001
  1.5000000e-002  2.6714707e-001  1.5000000e-002  5.6933169e-001
  1.6000000e-002  3.5625395e-001  1.6000000e-002  5.2568651e-001
  1.7000000e-002  4.3199468e-001  1.7000000e-002  4.8246424e-001
  1.8000000e-002  4.8542746e-001  1.8000000e-002  4.4010236e-001
  1.9000000e-002  5.1146028e-001  1.9000000e-002  3.9902275e-001
  2.0000000e-002  5.0927160e-001  2.0000000e-002  3.5962545e-001
  2.1000000e-002  4.8181931e-001  2.1000000e-002  3.2228277e-001
  2.2000000e-002  4.3479047e-001  2.2000000e-002  2.8733405e-001
  2.3000000e-002  3.7539448e-001  2.3000000e-002  2.5508097e-001
  2.4000000e-002  3.1127409e-001  2.4000000e-002  2.2578380e-001
  2.5000000e-002  2.4964002e-001  2.5000000e-002  1.9965839e-001
  2.6000000e-002  1.9661891e-001  2.6000000e-002  1.7687419e-001
  2.7000000e-002  1.5676719e-001  2.7000000e-002  1.5755308e-001
  2.8000000e-002  1.3272538e-001  2.8000000e-002  1.4176919e-001
  2.9000000e-002  1.2503168e-001  2.9000000e-002  1.2954958e-001
  3.0000000e-002  1.3214647e-001  3.0000000e-002  1.2087567e-001
  3.1000000e-002  1.5073383e-001  3.1000000e-002  1.1568537e-001
  3.2000000e-002  1.7619735e-001  3.2000000e-002  1.1387583e-001
  3.3000000e-002  2.0339516e-001  3.3000000e-002  1.1530662e-001
  3.4000000e-002  2.2739914e-001  3.4000000e-002  1.1980333e-001
  3.5000000e-002  2.4415054e-001  3.5000000e-002  1.2716134e-001
  3.6000000e-002  2.5090408e-001  3.6000000e-002  1.3714981e-001
  3.7000000e-002  2.4642385e-001  3.7000000e-002  1.4951567e-001
  3.8000000e-002  2.3096090e-001  3.8000000e-002  1.6398760e-001
  3.9000000e-002  2.0607936e-001  3.9000000e-002  1.8027990e-001
  4.0000000e-002  1.7439956e-001  4.0000000e-002  1.9809626e-001
  4.1000000e-002  1.3930263e-001  4.1000000e-002  2.1713326e-001
  4.2000000e-002  1.0460858e-001  4.2000000e-002  2.3708379e-001
  4.3000000e-002  7.4212724e-002  4.3000000e-002  2.5764019e-001
  4.4000000e-002  5.1657827e-002  4.4000000e-002  2.7849715e-001
  4.5000000e-002  3.9640289e-002  4.5000000e-002  2.9935452e-001
  4.6000000e-002  3.9503018e-002  4.6000000e-002  3.1991987e-001
  4.7000000e-002  5.0839340e-002  4.7000000e-002  3.3991092e-001
  4.8000000e-002  7.1379741e-002  4.8000000e-002  3.5905780e-001
  4.9000000e-002  9.7299267e-002  4.9000000e-002  3.7710532e-001
  5.0000000e-002  1.2394419e-001  5.0000000e-002  3.9381499e-001
  5.1000000e-002  1.4678934e-001  5.1000000e-002  4.0896712e-001
  5.2000000e-002  1.6232210e-001  5.2000000e-002  4.2236279e-001
  5.3000000e-002  1.6859014e-001  5.3000000e-002  4.3382576e-001
  5.4000000e-002  1.6531592e-001  5.4000000e-002  4.4320440e-001
  5.5000000e-002  1.5365600e-001  5.5000000e-002  4.5037346e-001
  5.6000000e-002  1.3577269e-001  5.6000000e-002  4.5523579e-001
  5.7000000e-002  1.1437591e-001  5.7000000e-002  4.5772391e-001
  5.8000000e-002  9.2330888e-002  5.8000000e-002  4.5780143e-001
  5.9000000e-002  7.2361509e-002  5.9000000e-002  4.5546421e-001
  6.0000000e-002  5.6836632e-002  6.0000000e-002  4.5074118e-001
  6.1000000e-002  4.7609318e-002  6.1000000e-002  4.4369487e-001
  6.2000000e-002  4.5880348e-002  6.2000000e-002  4.3442143e-001
  6.3000000e-002  5.2069837e-002  6.3000000e-002  4.2305017e-001
  6.4000000e-002  6.5700335e-002  6.4000000e-002  4.0974249e-001
  6.5000000e-002  8.5318770e-002  6.5000000e-002  3.9469020e-001
  6.6000000e-002  1.0850856e-001  6.6000000e-002  3.7811323e-001
  6.7000000e-002  1.3205675e-001  6.7000000e-002  3.6025654e-001
  6.8000000e-002  1.5232814e-001  6.8000000e-002  3.4138649e-001
  6.9000000e-002  1.6584386e-001  6.9000000e-002  3.2178656e-001
  7.0000000e-002  1.6997058e-001  7.0000000e-002  3.0175248e-001
  7.1000000e-002  1.6353548e-001  7.1000000e-002  2.8158699e-001
  7.2000000e-002  1.4715507e-001  7.2000000e-002  2.6159425e-001
  7.3000000e-002  1.2314330e-001  7.3000000e-002  2.4207412e-001
  7.4000000e-002  9.5020386e-002  7.4000000e-002  2.2331643e-001
  7.5000000e-002  6.6790550e-002  7.5000000e-002  2.0559545e-001
  7.6000000e-002  4.2212231e-002  7.6000000e-002  1.8916474e-001
  7.7000000e-002  2.4236181e-002  7.7000000e-002  1.7425245e-001
  7.8000000e-002  1.4685628e-002  7.8000000e-002  1.6105734e-001
  7.9000000e-002  1.4162905e-002  7.9000000e-002  1.4974553e-001
  8.0000000e-002  2.2121031e-002  8.0000000e-002  1.4044810e-001
  8.1000000e-002  3.7034797e-002  8.1000000e-002  1.3325958e-001
  8.2000000e-002  5.6624836e-002  8.2000000e-002  1.2823728e-001
  8.3000000e-002  7.8111762e-002  8.3000000e-002  1.2540151e-001
  8.4000000e-002  9.8494555e-002  8.4000000e-002  1.2473662e-001
  8.5000000e-002  1.1485354e-001  8.5000000e-002  1.2619267e-001
  8.6000000e-002  1.2467281e-001  8.6000000e-002  1.2968772e-001
  8.7000000e-002  1.2616167e-001  8.7000000e-002  1.3511069e-001
  8.8000000e-002  1.1853497e-001  8.8000000e-002  1.4232445e-001
  8.9000000e-002  1.0219568e-001  8.9000000e-002  1.5116930e-001
  9.0000000e-002  7.8761563e-002  9.0000000e-002  1.6146644e-001
  9.1000000e-002  5.0898612e-002  9.1000000e-002  1.7302163e-001
  9.2000000e-002  2.1966466e-002  9.2000000e-002  1.8562869e-001
  9.3000000e-002  4.4673363e-003  9.3000000e-002  1.9907297e-001
  9.4000000e-002  2.5148968e-002  9.4000000e-002  2.1313460e-001
  9.5000000e-002  3.7592186e-002  9.5000000e-002  2.2759157e-001
  9.6000000e-002  4.0386152e-002  9.6000000e-002  2.4222261e-001
  9.7000000e-002  3.3324278e-002  9.7000000e-002  2.5680975e-001
  9.8000000e-002  1.7365800e-002  9.8000000e-002  2.7114077e-001
  9.9000000e-002  5.5305497e-003  9.9000000e-002  2.8501132e-001
  1.0000000e-001  3.2655440e-002  1.0000000e-001  2.9822687e-001
  1.0100000e-001  6.0845242e-002  1.0100000e-001  3.1060450e-001
  1.0200000e-001  8.6806421e-002  1.0200000e-001  3.2197444e-001
  1.0300000e-001  1.0745979e-001  1.0300000e-001  3.3218152e-001
  1.0400000e-001  1.2029561e-001  1.0400000e-001  3.4108647e-001
  1.0500000e-001  1.2371554e-001  1.0500000e-001  3.4856703e-001
  1.0600000e-001  1.1731235e-001  1.0600000e-001  3.5451904e-001
  1.0700000e-001  1.0201663e-001  1.0700000e-001  3.5885736e-001
  1.0800000e-001  8.0039236e-002  1.0800000e-001  3.6151666e-001
  1.0900000e-001  5.4573646e-002  1.0900000e-001  3.6245213e-001
  1.1000000e-001  2.9291240e-002  1.1000000e-001  3.6164007e-001
  1.1100000e-001  7.7353770e-003  1.1100000e-001  3.5907823e-001
  1.1200000e-001  7.2406427e-003  1.1200000e-001  3.5478613e-001
  1.1300000e-001  1.3865731e-002  1.1300000e-001  3.4880503e-001
  1.1400000e-001  1.1613056e-002  1.1400000e-001  3.4119776e-001
  1.1500000e-001  1.1475324e-003  1.1500000e-001  3.3204829e-001
  1.1600000e-001  1.5875512e-002  1.1600000e-001  3.2146094e-001
  1.1700000e-001  3.7083897e-002  1.1700000e-001  3.0955941e-001
  1.1800000e-001  5.9677387e-002  1.1800000e-001  2.9648532e-001
  1.1900000e-001  8.0706057e-002  1.1900000e-001  2.8239657e-001
  1.2000000e-001  9.7339232e-002  1.2000000e-001  2.6746522e-001
  1.2100000e-001  1.0713785e-001  1.2100000e-001  2.5187513e-001
  1.2200000e-001  1.0833619e-001  1.2200000e-001  2.3581926e-001
  1.2300000e-001  1.0011407e-001  1.2300000e-001  2.1949667e-001
  1.2400000e-001  8.2805973e-002  1.2400000e-001  2.0310936e-001
  1.2500000e-001  5.7967865e-002  1.2500000e-001  1.8685890e-001
  1.2600000e-001  2.8228794e-002  1.2600000e-001  1.7094301e-001
  1.2700000e-001  3.0909530e-003  1.2700000e-001  1.5555212e-001
  1.2800000e-001  3.2526457e-002  1.2800000e-001  1.4086605e-001
  1.2900000e-001  5.7037039e-002  1.2900000e-001  1.2705084e-001
  1.3000000e-001  7.4442558e-002  1.3000000e-001  1.1425587e-001
  1.3100000e-001  8.3631062e-002  1.3100000e-001  1.0261135e-001
  1.3200000e-001  8.4533788e-002  1.3200000e-001  9.2226156e-002
  1.3300000e-001  7.7936457e-002  1.3300000e-001  8.3186262e-002
  1.3400000e-001  6.5220668e-002  1.3400000e-001  7.5553563e-002
  1.3500000e-001  4.8112019e-002  1.3500000e-001  6.9365312e-002
  1.3600000e-001  2.8475439e-002  1.3600000e-001  6.4634062e-002
  1.3700000e-001  8.1638111e-003  1.3700000e-001  6.1348127e-002
  1.3800000e-001  1.1097052e-002  1.3800000e-001  5.9472537e-002
  1.3900000e-001  2.7814233e-002  1.3900000e-001  5.8950420e-002
  1.4000000e-001  4.0849070e-002  1.4000000e-001  5.9704768e-002
  1.4100000e-001  4.9562310e-002  1.4100000e-001  6.1640515e-002
  1.4200000e-001  5.3959296e-002  1.4200000e-001  6.4646856e-002
  1.4300000e-001  5.4771026e-002  1.4300000e-001  6.8599739e-002
  1.4400000e-001  5.3384379e-002  1.4400000e-001  7.3364460e-002
  1.4500000e-001  5.1567534e-002  1.4500000e-001  7.8798299e-002
  1.4600000e-001  5.1035204e-002  1.4600000e-001  8.4753134e-002
  1.4700000e-001  5.3005911e-002  1.4700000e-001  9.1077993e-002
  1.4800000e-001  5.7926860e-002  1.4800000e-001  9.7621492e-002
  1.4900000e-001  6.5449886e-002  1.4900000e-001  1.0423414e-001
