  0.0000000e+000  1.0000000e+000  0.0000000e+000  1.0000000e+000
  1.0000000e-003  1.0526102e+000  1.0000000e-003  9.9786914e-001
  2.0000000e-003  1.0581429e+000  2.0000000e-003  9.9248987e-001
  3.0000000e-003  1.0129471e+000  3.0000000e-003  9.8392652e-001
  4.0000000e-003  9.1988104e-001  4.0000000e-003  9.7226678e-001
  5.0000000e-003  7.8851484e-001  5.0000000e-003  9.5762007e-001
  6.0000000e-003  6.3358146e-001  6.0000000e-003  9.4011588e-001
  7.0000000e-003  4.7215023e-001  7.0000000e-003  9.1990207e-001
  8.0000000e-003  3.2056150e-001  8.0000000e-003  8.9714321e-001
  9.0000000e-003  1.9210191e-001  9.0000000e-003  8.7201897e-001
  1.0000000e-002  9.5858308e-002  1.0000000e-002  8.4472250e-001
  1.1000000e-002  3.6605235e-002  1.1000000e-002  8.1545894e-001
  1.2000000e-002  1.5279140e-002  1.2000000e-002  7.8444393e-001
  1.3000000e-002  2.9599914e-002  1.3000000e-002  7.5190212e-001
  1.4000000e-002  7.4578814e-002  1.4000000e-002  7.1806579e-001
  1.5000000e-002  1.4286788e-001  1.5000000e-002  6.8317336e-001
  1.6000000e-002  2.2508983e-001  1.6000000e-002  6.4746799e-001
  1.7000000e-002  3.1040116e-001  1.7000000e-002  6.1119603e-001
  1.8000000e-002  3.8753369e-001  1.8000000e-002  5.7460555e-001
  1.9000000e-002  4.4637166e-001  1.9000000e-002  5.3794464e-001
  2.0000000e-002  4.7977043e-001  2.0000000e-002  5.0145978e-001
  2.1000000e-002  4.8499273e-001  2.1000000e-002  4.6539404e-001
  2.2000000e-002  4.6412034e-001  2.2000000e-002  4.2998521e-001
  2.3000000e-002  4.2321302e-001  2.3000000e-002  3.9546391e-001
  2.4000000e-002  3.7058094e-001  2.4000000e-002  3.6205162e-001
  2.5000000e-002  3.1488018e-001  2.5000000e-002  3.2995867e-001
  2.6000000e-002  2.6364110e-001  2.6000000e-002  2.9938229e-001
  2.7000000e-002  2.2247348e-001  2.7000000e-002  2.7050468e-001
  2.8000000e-002  1.9485771e-001  2.8000000e-002  2.4349122e-001
  2.9000000e-002  1.8228022e-001  2.9000000e-002  2.1848879e-001
  3.0000000e-002  1.8448358e-001  3.0000000e-002  1.9562428e-001
  3.1000000e-002  1.9969056e-001  3.1000000e-002  1.7500344e-001
  3.2000000e-002  2.2476225e-001  3.2000000e-002  1.5670986e-001
  3.3000000e-002  2.5533869e-001  3.3000000e-002  1.4080442e-001
  3.4000000e-002  2.8607784e-001  3.4000000e-002  1.2732500e-001
  3.5000000e-002  3.1113699e-001  3.5000000e-002  1.1628660e-001
  3.6000000e-002  3.2499148e-001  3.6000000e-002  1.0768174e-001
  3.7000000e-002  3.2352320e-001  3.7000000e-002  1.0148136e-001
  3.8000000e-002  3.0507663e-001  3.8000000e-002  9.7635888e-002
  3.9000000e-002  2.7102777e-001  3.9000000e-002  9.6076725e-002
  4.0000000e-002  2.2552825e-001  4.0000000e-002  9.6717930e-002
  4.1000000e-002  1.7447044e-001  4.1000000e-002  9.9458117e-002
  4.2000000e-002  1.2410677e-001  4.2000000e-002  1.0418251e-001
  4.3000000e-002  7.9854004e-002  4.3000000e-002  1.1076508e-001
  4.4000000e-002  4.5599318e-002  4.4000000e-002  1.1907072e-001
  4.5000000e-002  2.3517423e-002  4.5000000e-002  1.2895739e-001
  4.6000000e-002  1.4216873e-002  4.6000000e-002  1.4027817e-001
  4.7000000e-002  1.7004540e-002  4.7000000e-002  1.5288328e-001
  4.8000000e-002  3.0125046e-002  4.8000000e-002  1.6662184e-001
  4.9000000e-002  5.0922914e-002  4.9000000e-002  1.8134349e-001
  5.0000000e-002  7.5954405e-002  5.0000000e-002  1.9689984e-001
  5.1000000e-002  1.0113677e-001  5.1000000e-002  2.1314567e-001
  5.2000000e-002  1.2205778e-001  5.2000000e-002  2.2993994e-001
  5.3000000e-002  1.3455000e-001  5.3000000e-002  2.4714653e-001
  5.4000000e-002  1.3552165e-001  5.4000000e-002  2.6463487e-001
  5.5000000e-002  1.2383066e-001  5.5000000e-002  2.8228031e-001
  5.6000000e-002  1.0080676e-001  5.6000000e-002  2.9996435e-001
  5.7000000e-002  7.0066453e-002  5.7000000e-002  3.1757470e-001
  5.8000000e-002  3.6601166e-002  5.8000000e-002  3.3500527e-001
  5.9000000e-002  5.5265064e-003  5.9000000e-002  3.5215597e-001
  6.0000000e-002  1.8979015e-002  6.0000000e-002  3.6893253e-001
  6.1000000e-002  3.4225490e-002  6.1000000e-002  3.8524624e-001
  6.2000000e-002  3.9060211e-002  6.2000000e-002  4.0101362e-001
  6.3000000e-002  3.3618042e-002  6.3000000e-002  4.1615614e-001
  6.4000000e-002  1.8992675e-002  6.4000000e-002  4.3059998e-001
  6.5000000e-002  3.0359157e-003  6.5000000e-002  4.4427575e-001
  6.6000000e-002  3.0175045e-002  6.6000000e-002  4.5711832e-001
  6.7000000e-002  5.9715791e-002  6.7000000e-002  4.6906674e-001
  6.8000000e-002  8.8612327e-002  6.8000000e-002  4.8006415e-001
  6.9000000e-002  1.1362427e-001  6.9000000e-002  4.9005787e-001
  7.0000000e-002  1.3160175e-001  7.0000000e-002  4.9899953e-001
  7.1000000e-002  1.3995370e-001  7.1000000e-002  5.0684525e-001
  7.2000000e-002  1.3724349e-001  7.2000000e-002  5.1355599e-001
  7.3000000e-002  1.2372199e-001  7.3000000e-002  5.1909787e-001
  7.4000000e-002  1.0152392e-001  7.4000000e-002  5.2344260e-001
  7.5000000e-002  7.4331338e-002  7.5000000e-002  5.2656791e-001
  7.6000000e-002  4.6559639e-002  7.6000000e-002  5.2845805e-001
  7.7000000e-002  2.2379180e-002  7.7000000e-002  5.2910418e-001
  7.8000000e-002  4.9453397e-003  7.8000000e-002  5.2850481e-001
  7.9000000e-002  3.9582964e-003  7.9000000e-002  5.2666617e-001
  8.0000000e-002  3.8925753e-003  8.0000000e-002  5.2360243e-001
  8.1000000e-002  4.4843782e-003  8.1000000e-002  5.1933591e-001
  8.2000000e-002  1.9716825e-002  8.2000000e-002  5.1389707e-001
  8.3000000e-002  3.9805259e-002  8.3000000e-002  5.0732448e-001
  8.4000000e-002  6.2391355e-002  8.4000000e-002  4.9966455e-001
  8.5000000e-002  8.4902752e-002  8.5000000e-002  4.9097119e-001
  8.6000000e-002  1.0471160e-001  8.6000000e-002  4.8130530e-001
  8.7000000e-002  1.1936153e-001  8.7000000e-002  4.7073421e-001
  8.8000000e-002  1.2689066e-001  8.8000000e-002  4.5933091e-001
  8.9000000e-002  1.2621906e-001  8.9000000e-002  4.4717332e-001
  9.0000000e-002  1.1749156e-001  9.0000000e-002  4.3434342e-001
  9.1000000e-002  1.0221466e-001  9.1000000e-002  4.2092641e-001
  9.2000000e-002  8.3061056e-002  9.2000000e-002  4.0700981e-001
  9.3000000e-002  6.3349350e-002  9.3000000e-002  3.9268264e-001
  9.4000000e-002  4.6367375e-002  9.4000000e-002  3.7803459e-001
  9.5000000e-002  3.4776132e-002  9.5000000e-002  3.6315527e-001
  9.6000000e-002  3.0262669e-002  9.6000000e-002  3.4813350e-001
  9.7000000e-002  3.3468598e-002  9.7000000e-002  3.3305674e-001
  9.8000000e-002  4.4109276e-002  9.8000000e-002  3.1801055e-001
  9.9000000e-002  6.1165910e-002  9.9000000e-002  3.0307812e-001
  1.0000000e-001  8.3061610e-002  1.0000000e-001  2.8833994e-001
  1.0100000e-001  1.0778277e-001  1.0100000e-001  2.7387352e-001
  1.0200000e-001  1.3295260e-001  1.0200000e-001  2.5975311e-001
  1.0300000e-001  1.5589693e-001  1.0300000e-001  2.4604959e-001
  1.0400000e-001  1.7376457e-001  1.0400000e-001  2.3283031e-001
  1.0500000e-001  1.8377111e-001  1.0500000e-001  2.2015900e-001
  1.0600000e-001  1.8361043e-001  1.0600000e-001  2.0809571e-001
  1.0700000e-001  1.7200268e-001  1.0700000e-001  1.9669668e-001
  1.0800000e-001  1.4922640e-001  1.0800000e-001  1.8601433e-001
  1.0900000e-001  1.1738071e-001  1.0900000e-001  1.7609708e-001
  1.1000000e-001  8.0154080e-002  1.1000000e-001  1.6698930e-001
  1.1100000e-001  4.2088472e-002  1.1100000e-001  1.5873105e-001
  1.1200000e-001  7.6048931e-003  1.1200000e-001  1.5135798e-001
  1.1300000e-001  1.9822443e-002  1.1300000e-001  1.4490095e-001
  1.1400000e-001  3.8081892e-002  1.1400000e-001  1.3938583e-001
  1.1500000e-001  4.6414774e-002  1.1500000e-001  1.3483307e-001
  1.1600000e-001  4.5140461e-002  1.1600000e-001  1.3125734e-001
  1.1700000e-001  3.5307534e-002  1.1700000e-001  1.2866704e-001
  1.1800000e-001  1.8399802e-002  1.1800000e-001  1.2706390e-001
  1.1900000e-001  3.8533542e-003  1.1900000e-001  1.2644240e-001
  1.2000000e-001  2.9567993e-002  1.2000000e-001  1.2678935e-001
  1.2100000e-001  5.6731123e-002  1.2100000e-001  1.2808337e-001
  1.2200000e-001  8.3204895e-002  1.2200000e-001  1.3029447e-001
  1.2300000e-001  1.0675800e-001  1.2300000e-001  1.3338368e-001
  1.2400000e-001  1.2517162e-001  1.2400000e-001  1.3730276e-001
  1.2500000e-001  1.3645294e-001  1.2500000e-001  1.4199406e-001
  1.2600000e-001  1.3915105e-001  1.2600000e-001  1.4739052e-001
  1.2700000e-001  1.3270682e-001  1.2700000e-001  1.5341581e-001
  1.2800000e-001  1.1770565e-001  1.2800000e-001  1.5998474e-001
  1.2900000e-001  9.5891860e-002  1.2900000e-001  1.6700380e-001
  1.3000000e-001  6.9882094e-002  1.3000000e-001  1.7437207e-001
  1.3100000e-001  4.2654607e-002  1.3100000e-001  1.8198219e-001
  1.3200000e-001  1.6997091e-002  1.3200000e-001  1.8972169e-001
  1.3300000e-001  4.9054313e-003  1.3300000e-001  1.9747451e-001
  1.3400000e-001  2.1656150e-002  1.3400000e-001  2.0512266e-001
  1.3500000e-001  3.2628361e-002  1.3500000e-001  2.1254808e-001
  1.3600000e-001  3.7826408e-002  1.3600000e-001  2.1963456e-001
  1.3700000e-001  3.7709781e-002  1.3700000e-001  2.2626977e-001
  1.3800000e-001  3.3034431e-002  1.3800000e-001  2.3234716e-001
  1.3900000e-001  2.4732056e-002  1.3900000e-001  2.3776793e-001
  1.4000000e-001  1.3825355e-002  1.4000000e-001  2.4244274e-001
  1.4100000e-001  1.3667805e-003  1.4100000e-001  2.4629330e-001
  1.4200000e-001  1.1613165e-002  1.4200000e-001  2.4925366e-001
  1.4300000e-001  2.4158000e-002  1.4300000e-001  2.5127132e-001
  1.4400000e-001  3.5440912e-002  1.4400000e-001  2.5230789e-001
  1.4500000e-001  4.4820062e-002  1.4500000e-001  2.5233954e-001
  1.4600000e-001  5.1884441e-002  1.4600000e-001  2.5135714e-001
  1.4700000e-001  5.6479766e-002  1.4700000e-001  2.4936599e-001
  1.4800000e-001  5.8706901e-002  1.4800000e-001  2.4638537e-001
  1.4900000e-001  5.8891222e-002  1.4900000e-001  2.4244780e-001
