  0.0000000e+000  1.0000000e+000  0.0000000e+000  1.0000000e+000
  1.0000000e-003  9.4100887e-001  1.0000000e-003  9.9869559e-001
  2.0000000e-003  8.5095467e-001  2.0000000e-003  9.9288271e-001
  3.0000000e-003  7.3958942e-001  3.0000000e-003  9.8275404e-001
  4.0000000e-003  6.1729211e-001  4.0000000e-003  9.6853911e-001
  5.0000000e-003  4.9391613e-001  5.0000000e-003  9.5049760e-001
  6.0000000e-003  3.7817920e-001  6.0000000e-003  9.2891307e-001
  7.0000000e-003  2.7745825e-001  7.0000000e-003  9.0408707e-001
  8.0000000e-003  1.9776450e-001  8.0000000e-003  8.7633387e-001
  9.0000000e-003  1.4367578e-001  9.0000000e-003  8.4597580e-001
  1.0000000e-002  1.1805726e-001  1.0000000e-002  8.1333924e-001
  1.1000000e-002  1.2150746e-001  1.1000000e-002  7.7875127e-001
  1.2000000e-002  1.5164536e-001  1.2000000e-002  7.4253697e-001
  1.3000000e-002  2.0259698e-001  1.3000000e-002  7.0501718e-001
  1.4000000e-002  2.6521732e-001  1.4000000e-002  6.6650679e-001
  1.5000000e-002  3.2845415e-001  1.5000000e-002  6.2731351e-001
  1.6000000e-002  3.8169049e-001  1.6000000e-002  5.8773680e-001
  1.7000000e-002  4.1719538e-001  1.7000000e-002  5.4806717e-001
  1.8000000e-002  4.3160083e-001  1.8000000e-002  5.0858562e-001
  1.9000000e-002  4.2588371e-001  1.9000000e-002  4.6956308e-001
  2.0000000e-002  4.0418018e-001  2.0000000e-002  4.3125992e-001
  2.1000000e-002  3.7220576e-001  2.1000000e-002  3.9392542e-001
  2.2000000e-002  3.3592226e-001  2.2000000e-002  3.5779705e-001
  2.3000000e-002  3.0070511e-001  2.3000000e-002  3.2309969e-001
  2.4000000e-002  2.7095619e-001  2.4000000e-002  2.9004456e-001
  2.5000000e-002  2.4998272e-001  2.5000000e-002  2.5882798e-001
  2.6000000e-002  2.3996710e-001  2.6000000e-002  2.2962995e-001
  2.7000000e-002  2.4190886e-001  2.7000000e-002  2.0261244e-001
  2.8000000e-002  2.5548827e-001  2.8000000e-002  1.7791755e-001
  2.9000000e-002  2.7887581e-001  2.9000000e-002  1.5566555e-001
  3.0000000e-002  3.0859690e-001  3.0000000e-002  1.3595280e-001
  3.1000000e-002  3.3964047e-001  3.1000000e-002  1.1884976e-001
  3.2000000e-002  3.6601522e-001  3.2000000e-002  1.0439907e-001
  3.3000000e-002  3.8182791e-001  3.3000000e-002  9.2613892e-002
  3.4000000e-002  3.8266864e-001  3.4000000e-002  8.3476586e-002
  3.5000000e-002  3.6679601e-001  3.5000000e-002  7.6937896e-002
  3.6000000e-002  3.3558767e-001  3.6000000e-002  7.2916699e-002
  3.7000000e-002  2.9306618e-001  3.7000000e-002  7.1300454e-002
  3.8000000e-002  2.4478278e-001  3.8000000e-002  7.1946403e-002
  3.9000000e-002  1.9658087e-001  3.9000000e-002  7.4683571e-002
  4.0000000e-002  1.5365060e-001  4.0000000e-002  7.9315555e-002
  4.1000000e-002  1.2000841e-001  4.1000000e-002  8.5624055e-002
  4.2000000e-002  9.8314734e-002  4.2000000e-002  9.3373072e-002
  4.3000000e-002  8.9864209e-002  4.3000000e-002  1.0231363e-001
  4.4000000e-002  9.4609247e-002  4.4000000e-002  1.1218886e-001
  4.5000000e-002  1.1115018e-001  4.5000000e-002  1.2273929e-001
  4.6000000e-002  1.3670583e-001  4.6000000e-002  1.3370809e-001
  4.7000000e-002  1.6715390e-001  4.7000000e-002  1.4484617e-001
  4.8000000e-002  1.9728397e-001  4.8000000e-002  1.5591683e-001
  4.9000000e-002  2.2140055e-001  4.9000000e-002  1.6669997e-001
  5.0000000e-002  2.3430486e-001  5.0000000e-002  1.7699557e-001
  5.1000000e-002  2.3247048e-001  5.1000000e-002  1.8662647e-001
  5.2000000e-002  2.1501586e-001  5.2000000e-002  1.9544045e-001
  5.3000000e-002  1.8404638e-001  5.3000000e-002  2.0331144e-001
  5.4000000e-002  1.4418306e-001  5.4000000e-002  2.1014009e-001
  5.5000000e-002  1.0147511e-001  5.5000000e-002  2.1585363e-001
  5.6000000e-002  6.2137193e-002  5.6000000e-002  2.2040512e-001
  5.7000000e-002  3.1516575e-002  5.7000000e-002  2.2377231e-001
  5.8000000e-002  1.3473384e-002  5.8000000e-002  2.2595599e-001
  5.9000000e-002  1.0139360e-002  5.9000000e-002  2.2697811e-001
  6.0000000e-002  2.1916766e-002  6.0000000e-002  2.2687973e-001
  6.1000000e-002  4.7585997e-002  6.1000000e-002  2.2571878e-001
  6.2000000e-002  8.4452361e-002  6.2000000e-002  2.2356786e-001
  6.3000000e-002  1.2853086e-001  6.3000000e-002  2.2051196e-001
  6.4000000e-002  1.7481568e-001  6.4000000e-002  2.1664634e-001
  6.5000000e-002  2.1769568e-001  6.5000000e-002  2.1207442e-001
  6.6000000e-002  2.5155083e-001  6.6000000e-002  2.0690576e-001
  6.7000000e-002  2.7149911e-001  6.7000000e-002  2.0125426e-001
  6.8000000e-002  2.7417765e-001  6.8000000e-002  1.9523631e-001
  6.9000000e-002  2.5837521e-001  6.9000000e-002  1.8896922e-001
  7.0000000e-002  2.2533157e-001  7.0000000e-002  1.8256957e-001
  7.1000000e-002  1.7859923e-001  7.1000000e-002  1.7615183e-001
  7.2000000e-002  1.2349464e-001  7.2000000e-002  1.6982685e-001
  7.3000000e-002  6.6284266e-002  7.3000000e-002  1.6370061e-001
  7.4000000e-002  1.3300534e-002  7.4000000e-002  1.5787290e-001
  7.5000000e-002  2.9846452e-002  7.5000000e-002  1.5243606e-001
  7.6000000e-002  5.8868996e-002  7.6000000e-002  1.4747384e-001
  7.7000000e-002  7.1193212e-002  7.7000000e-002  1.4306027e-001
  7.8000000e-002  6.6161577e-002  7.8000000e-002  1.3925860e-001
  7.9000000e-002  4.5070633e-002  7.9000000e-002  1.3612040e-001
  8.0000000e-002  1.1049432e-002  8.0000000e-002  1.3368467e-001
  8.1000000e-002  3.1235813e-002  8.1000000e-002  1.3197720e-001
  8.2000000e-002  7.6068732e-002  8.2000000e-002  1.3101007e-001
  8.3000000e-002  1.1735487e-001  8.3000000e-002  1.3078132e-001
  8.4000000e-002  1.4942263e-001  8.4000000e-002  1.3127493e-001
  8.5000000e-002  1.6783991e-001  8.5000000e-002  1.3246105e-001
  8.6000000e-002  1.7009579e-001  8.6000000e-002  1.3429646e-001
  8.7000000e-002  1.5600389e-001  8.7000000e-002  1.3672536e-001
  8.8000000e-002  1.2773821e-001  8.8000000e-002  1.3968054e-001
  8.9000000e-002  8.9495826e-002  8.9000000e-002  1.4308465e-001
  9.0000000e-002  4.6859381e-002  9.0000000e-002  1.4685188e-001
  9.1000000e-002  5.9803073e-003  9.1000000e-002  1.5088982e-001
  9.2000000e-002  2.7285064e-002  9.2000000e-002  1.5510143e-001
  9.3000000e-002  4.8168910e-002  9.3000000e-002  1.5938714e-001
  9.4000000e-002  5.3620284e-002  9.4000000e-002  1.6364706e-001
  9.5000000e-002  4.2696038e-002  9.5000000e-002  1.6778306e-001
  9.6000000e-002  1.6664837e-002  9.6000000e-002  1.7170079e-001
  9.7000000e-002  2.1193479e-002  9.7000000e-002  1.7531159e-001
  9.8000000e-002  6.6066213e-002  9.8000000e-002  1.7853412e-001
  9.9000000e-002  1.1228581e-001  9.9000000e-002  1.8129579e-001
  1.0000000e-001  1.5408931e-001  1.0000000e-001  1.8353393e-001
  1.0100000e-001  1.8632941e-001  1.0100000e-001  1.8519657e-001
  1.0200000e-001  2.0503137e-001  1.0200000e-001  1.8624305e-001
  1.0300000e-001  2.0773982e-001  1.0300000e-001  1.8664425e-001
  1.0400000e-001  1.9365593e-001  1.0400000e-001  1.8638263e-001
  1.0500000e-001  1.6360626e-001  1.0500000e-001  1.8545194e-001
  1.0600000e-001  1.1990101e-001  1.0600000e-001  1.8385684e-001
  1.0700000e-001  6.6128984e-002  1.0700000e-001  1.8161224e-001
  1.0800000e-001  6.9089174e-003  1.0800000e-001  1.7874259e-001
  1.0900000e-001  5.2417095e-002  1.0900000e-001  1.7528106e-001
  1.1000000e-001  1.0618906e-001  1.1000000e-001  1.7126860e-001
  1.1100000e-001  1.4897624e-001  1.1100000e-001  1.6675307e-001
  1.1200000e-001  1.7627010e-001  1.1200000e-001  1.6178826e-001
  1.1300000e-001  1.8524206e-001  1.1300000e-001  1.5643296e-001
  1.1400000e-001  1.7537956e-001  1.1400000e-001  1.5075007e-001
  1.1500000e-001  1.4875358e-001  1.1500000e-001  1.4480572e-001
  1.1600000e-001  1.0973034e-001  1.1600000e-001  1.3866844e-001
  1.1700000e-001  6.4133334e-002  1.1700000e-001  1.3240832e-001
  1.1800000e-001  1.8093609e-002  1.1800000e-001  1.2609627e-001
  1.1900000e-001  2.3049929e-002  1.1900000e-001  1.1980325e-001
  1.2000000e-001  5.5500319e-002  1.2000000e-001  1.1359954e-001
  1.2100000e-001  7.7289198e-002  1.2100000e-001  1.0755405e-001
  1.2200000e-001  8.8170399e-002  1.2200000e-001  1.0173355e-001
  1.2300000e-001  8.9281977e-002  1.2300000e-001  9.6202012e-002
  1.2400000e-001  8.2732876e-002  1.2400000e-001  9.1019797e-002
  1.2500000e-001  7.1213507e-002  1.2500000e-001  8.6242960e-002
  1.2600000e-001  5.7666907e-002  1.2600000e-001  8.1922454e-002
  1.2700000e-001  4.5012865e-002  1.2700000e-001  7.8103344e-002
  1.2800000e-001  3.5896900e-002  1.2800000e-001  7.4824016e-002
  1.2900000e-001  3.2436550e-002  1.2900000e-001  7.2115390e-002
  1.3000000e-001  3.5955972e-002  1.3000000e-001  7.0000147e-002
  1.3100000e-001  4.6732723e-002  1.3100000e-001  6.8492021e-002
  1.3200000e-001  6.3819842e-002  1.3200000e-001  6.7595148e-002
  1.3300000e-001  8.5033922e-002  1.3300000e-001  6.7303535e-002
  1.3400000e-001  1.0719027e-001  1.3400000e-001  6.7600673e-002
  1.3500000e-001  1.2660206e-001  1.3500000e-001  6.8459327e-002
  1.3600000e-001  1.3975634e-001  1.3600000e-001  6.9841550e-002
  1.3700000e-001  1.4398882e-001  1.3700000e-001  7.1698946e-002
  1.3800000e-001  1.3796307e-001  1.3800000e-001  7.3973210e-002
  1.3900000e-001  1.2183443e-001  1.3900000e-001  7.6596959e-002
  1.4000000e-001  9.7100491e-002  1.4000000e-001  7.9494859e-002
  1.4100000e-001  6.6236822e-002  1.4100000e-001  8.2585029e-002
  1.4200000e-001  3.2249051e-002  1.4200000e-001  8.5780709e-002
  1.4300000e-001  1.7531246e-003  1.4300000e-001  8.8992123e-002
  1.4400000e-001  3.2903236e-002  1.4400000e-001  9.2128503e-002
  1.4500000e-001  5.8831666e-002  1.4500000e-001  9.5100190e-002
  1.4600000e-001  7.7832873e-002  1.4600000e-001  9.7820732e-002
  1.4700000e-001  8.8958196e-002  1.4700000e-001  1.0020891e-001
  1.4800000e-001  9.2041709e-002  1.4800000e-001  1.0219059e-001
  1.4900000e-001  8.7660841e-002  1.4900000e-001  1.0370039e-001
