  0.0000000e+000  1.0000000e+000  0.0000000e+000  1.0000000e+000
  1.0000000e-003  9.9791491e-001  1.0000000e-003  1.0077649e+000
  2.0000000e-003  9.6186509e-001  2.0000000e-003  1.0127552e+000
  3.0000000e-003  8.9427391e-001  3.0000000e-003  1.0148848e+000
  4.0000000e-003  8.0009052e-001  4.0000000e-003  1.0140742e+000
  5.0000000e-003  6.8639687e-001  5.0000000e-003  1.0102523e+000
  6.0000000e-003  5.6185237e-001  6.0000000e-003  1.0033586e+000
  7.0000000e-003  4.3594920e-001  7.0000000e-003  9.9334543e-001
  8.0000000e-003  3.1808795e-001  8.0000000e-003  9.8018091e-001
  9.0000000e-003  2.1656002e-001  9.0000000e-003  9.6385147e-001
  1.0000000e-002  1.3760536e-001  1.0000000e-002  9.4436510e-001
  1.1000000e-002  8.4747602e-002  1.1000000e-002  9.2175444e-001
  1.2000000e-002  5.8561074e-002  1.2000000e-002  8.9607983e-001
  1.3000000e-002  5.6904775e-002  1.3000000e-002  8.6743222e-001
  1.4000000e-002  7.5526047e-002  1.4000000e-002  8.3593578e-001
  1.5000000e-002  1.0885206e-001  1.5000000e-002  8.0175003e-001
  1.6000000e-002  1.5078186e-001  1.6000000e-002  7.6507130e-001
  1.7000000e-002  1.9534956e-001  1.7000000e-002  7.2613345e-001
  1.8000000e-002  2.3720990e-001  1.8000000e-002  6.8520759e-001
  1.9000000e-002  2.7196450e-001  1.9000000e-002  6.4260070e-001
  2.0000000e-002  2.9638053e-001  2.0000000e-002  5.9865310e-001
  2.1000000e-002  3.0855215e-001  2.1000000e-002  5.5373468e-001
  2.2000000e-002  3.0802505e-001  2.2000000e-002  5.0823990e-001
  2.3000000e-002  2.9585809e-001  2.3000000e-002  4.6258167e-001
  2.4000000e-002  2.7455368e-001  2.4000000e-002  4.1718426e-001
  2.5000000e-002  2.4777720e-001  2.5000000e-002  3.7247542e-001
  2.6000000e-002  2.1983042e-001  2.6000000e-002  3.2887801e-001
  2.7000000e-002  1.9494237e-001  2.7000000e-002  2.8680143e-001
  2.8000000e-002  1.7654525e-001  2.8000000e-002  2.4663325e-001
  2.9000000e-002  1.6674077e-001  2.9000000e-002  2.0873128e-001
  3.0000000e-002  1.6609588e-001  3.0000000e-002  1.7341651e-001
  3.1000000e-002  1.7377403e-001  3.1000000e-002  1.4096701e-001
  3.2000000e-002  1.8789070e-001  3.2000000e-002  1.1161327e-001
  3.3000000e-002  2.0594112e-001  3.3000000e-002  8.5534793e-002
  3.4000000e-002  2.2518112e-001  3.4000000e-002  6.2858305e-002
  3.5000000e-002  2.4290868e-001  3.5000000e-002  4.3657309e-002
  3.6000000e-002  2.5665411e-001  3.6000000e-002  2.7953071e-002
  3.7000000e-002  2.6432196e-001  3.7000000e-002  1.5716792e-002
  3.8000000e-002  2.6433648e-001  3.8000000e-002  6.8728242e-003
  3.9000000e-002  2.5582690e-001  3.9000000e-002  1.3026957e-003
  4.0000000e-002  2.3884934e-001  4.0000000e-002  1.1502585e-003
  4.1000000e-002  2.1458004e-001  4.1000000e-002  6.7588747e-004
  4.2000000e-002  1.8535396e-001  4.2000000e-002  2.5079719e-003
  4.3000000e-002  1.5441268e-001  4.3000000e-002  8.1607051e-003
  4.4000000e-002  1.2532198e-001  4.4000000e-002  1.6024005e-002
  4.5000000e-002  1.0120304e-001  4.5000000e-002  2.5826719e-002
  4.6000000e-002  8.4067328e-002  4.6000000e-002  3.7289397e-002
  4.7000000e-002  7.4514731e-002  4.7000000e-002  5.0128467e-002
  4.8000000e-002  7.1856939e-002  4.8000000e-002  6.4060054e-002
  4.9000000e-002  7.4522397e-002  4.9000000e-002  7.8803410e-002
  5.0000000e-002  8.0526533e-002  5.0000000e-002  9.4083993e-002
  5.1000000e-002  8.7850656e-002  5.1000000e-002  1.0963621e-001
  5.2000000e-002  9.4676436e-002  5.2000000e-002  1.2520586e-001
  5.3000000e-002  9.9497876e-002  5.3000000e-002  1.4055232e-001
  5.4000000e-002  1.0116169e-001  5.4000000e-002  1.5545047e-001
  5.5000000e-002  9.8884859e-002  5.5000000e-002  1.6969248e-001
  5.6000000e-002  9.2282688e-002  5.6000000e-002  1.8308933e-001
  5.7000000e-002  8.1421133e-002  5.7000000e-002  1.9547220e-001
  5.8000000e-002  6.6885047e-002  5.8000000e-002  2.0669374e-001
  5.9000000e-002  4.9829221e-002  5.9000000e-002  2.1662906e-001
  6.0000000e-002  3.1957293e-002  6.0000000e-002  2.2517668e-001
  6.1000000e-002  1.5369862e-002  6.1000000e-002  2.3225916e-001
  6.2000000e-002  2.2567510e-003  6.2000000e-002  2.3782359e-001
  6.3000000e-002  5.5182308e-003  6.3000000e-002  2.4184177e-001
  6.4000000e-002  6.8138154e-003  6.4000000e-002  2.4431018e-001
  6.5000000e-002  1.4418156e-003  6.5000000e-002  2.4524958e-001
  6.6000000e-002  9.8484993e-003  6.6000000e-002  2.4470432e-001
  6.7000000e-002  2.5597747e-002  6.7000000e-002  2.4274133e-001
  6.8000000e-002  4.3959318e-002  6.8000000e-002  2.3944873e-001
  6.9000000e-002  6.2997484e-002  6.9000000e-002  2.3493414e-001
  7.0000000e-002  8.0893719e-002  7.0000000e-002  2.2932263e-001
  7.1000000e-002  9.6056475e-002  7.1000000e-002  2.2275442e-001
  7.2000000e-002  1.0716895e-001  7.2000000e-002  2.1538233e-001
  7.3000000e-002  1.1322094e-001  7.3000000e-002  2.0736899e-001
  7.4000000e-002  1.1356283e-001  7.4000000e-002  1.9888400e-001
  7.5000000e-002  1.0799874e-001  7.5000000e-002  1.9010094e-001
  7.6000000e-002  9.6904564e-002  7.6000000e-002  1.8119441e-001
  7.7000000e-002  8.1318339e-002  7.7000000e-002  1.7233718e-001
  7.8000000e-002  6.2923028e-002  7.8000000e-002  1.6369742e-001
  7.9000000e-002  4.3853880e-002  7.9000000e-002  1.5543615e-001
  8.0000000e-002  2.6333424e-002  8.0000000e-002  1.4770489e-001
  8.1000000e-002  1.2238065e-002  8.1000000e-002  1.4064366e-001
  8.2000000e-002  2.7570975e-003  8.2000000e-002  1.3437920e-001
  8.3000000e-002  1.7366259e-003  8.3000000e-002  1.2902360e-001
  8.4000000e-002  1.5959621e-003  8.4000000e-002  1.2467312e-001
  8.5000000e-002  2.3249852e-003  8.5000000e-002  1.2140749e-001
  8.6000000e-002  8.9190734e-003  8.6000000e-002  1.1928932e-001
  8.7000000e-002  1.7023690e-002  8.7000000e-002  1.1836393e-001
  8.8000000e-002  2.5544275e-002  8.8000000e-002  1.1865931e-001
  8.9000000e-002  3.3516095e-002  8.9000000e-002  1.2018636e-001
  9.0000000e-002  4.0130911e-002  9.0000000e-002  1.2293925e-001
  9.1000000e-002  4.4755113e-002  9.1000000e-002  1.2689591e-001
  9.2000000e-002  4.6958842e-002  9.2000000e-002  1.3201866e-001
  9.3000000e-002  4.6564743e-002  9.3000000e-002  1.3825486e-001
  9.4000000e-002  4.3710063e-002  9.4000000e-002  1.4553770e-001
  9.5000000e-002  3.8897429e-002  9.5000000e-002  1.5378685e-001
  9.6000000e-002  3.2994216e-002  9.6000000e-002  1.6290934e-001
  9.7000000e-002  2.7141671e-002  9.7000000e-002  1.7280028e-001
  9.8000000e-002  2.2565286e-002  9.8000000e-002  1.8334365e-001
  9.9000000e-002  2.0330118e-002  9.9000000e-002  1.9441315e-001
  1.0000000e-001  2.1125133e-002  1.0000000e-001  2.0587303e-001
  1.0100000e-001  2.5153540e-002  1.0100000e-001  2.1757897e-001
  1.0200000e-001  3.2152501e-002  1.0200000e-001  2.2937909e-001
  1.0300000e-001  4.1506008e-002  1.0300000e-001  2.4111501e-001
  1.0400000e-001  5.2388400e-002  1.0400000e-001  2.5262309e-001
  1.0500000e-001  6.3888231e-002  1.0500000e-001  2.6373585e-001
  1.0600000e-001  7.5091757e-002  1.0600000e-001  2.7428359e-001
  1.0700000e-001  8.5130850e-002  1.0700000e-001  2.8409625e-001
  1.0800000e-001  9.3213372e-002  1.0800000e-001  2.9300556e-001
  1.0900000e-001  9.8656647e-002  1.0900000e-001  3.0084752e-001
  1.1000000e-001  1.0094021e-001  1.1000000e-001  3.0746505e-001
  1.1100000e-001  9.9783944e-002  1.1100000e-001  3.1271110e-001
  1.1200000e-001  9.5241875e-002  1.1200000e-001  3.1645183e-001
  1.1300000e-001  8.7782194e-002  1.1300000e-001  3.1857006e-001
  1.1400000e-001  7.8309027e-002  1.1400000e-001  3.1896883e-001
  1.1500000e-001  6.8084972e-002  1.1500000e-001  3.1757484e-001
  1.1600000e-001  5.8545277e-002  1.1600000e-001  3.1434174e-001
  1.1700000e-001  5.1044662e-002  1.1700000e-001  3.0925314e-001
  1.1800000e-001  4.6615191e-002  1.1800000e-001  3.0232494e-001
  1.1900000e-001  4.5809718e-002  1.1900000e-001  2.9360706e-001
  1.2000000e-001  4.8662230e-002  1.2000000e-001  2.8318417e-001
  1.2100000e-001  5.4745255e-002  1.2100000e-001  2.7117548e-001
  1.2200000e-001  6.3276586e-002  1.2200000e-001  2.5773327e-001
  1.2300000e-001  7.3230395e-002  1.2300000e-001  2.4304037e-001
  1.2400000e-001  8.3428820e-002  1.2400000e-001  2.2730631e-001
  1.2500000e-001  9.2613442e-002  1.2500000e-001  2.1076262e-001
  1.2600000e-001  9.9512643e-002  1.2600000e-001  1.9365715e-001
  1.2700000e-001  1.0292828e-001  1.2700000e-001  1.7624776e-001
  1.2800000e-001  1.0186254e-001  1.2800000e-001  1.5879570e-001
  1.2900000e-001  9.5691041e-002  1.2900000e-001  1.4155897e-001
  1.3000000e-001  8.4359607e-002  1.3000000e-001  1.2478594e-001
  1.3100000e-001  6.8545585e-002  1.3100000e-001  1.0870944e-001
  1.3200000e-001  4.9699877e-002  1.3200000e-001  9.3541789e-002
  1.3300000e-001  2.9901226e-002  1.3300000e-001  7.9470619e-002
  1.3400000e-001  1.1522152e-002  1.3400000e-001  6.6655851e-002
  1.3500000e-001  3.2036104e-003  1.3500000e-001  5.5227725e-002
  1.3600000e-001  1.2570508e-002  1.3600000e-001  4.5285884e-002
  1.3700000e-001  1.5632019e-002  1.3700000e-001  3.6899434e-002
  1.3800000e-001  1.2240511e-002  1.3800000e-001  3.0107840e-002
  1.3900000e-001  2.9428491e-003  1.3900000e-001  2.4922521e-002
  1.4000000e-001  1.1188872e-002  1.4000000e-001  2.1328965e-002
  1.4100000e-001  2.8725831e-002  1.4100000e-001  1.9289227e-002
  1.4200000e-001  4.8019350e-002  1.4200000e-001  1.8744626e-002
  1.4300000e-001  6.7307516e-002  1.4300000e-001  1.9618549e-002
  1.4400000e-001  8.4812348e-002  1.4400000e-001  2.1819221e-002
  1.4500000e-001  9.8853498e-002  1.4500000e-001  2.5242375e-002
  1.4600000e-001  1.0799686e-001  1.4600000e-001  2.9773747e-002
  1.4700000e-001  1.1123726e-001  1.4700000e-001  3.5291374e-002
  1.4800000e-001  1.0818699e-001  1.4800000e-001  4.1667651e-002
  1.4900000e-001  9.9216234e-002  1.4900000e-001  4.8771160e-002
