  0.0000000e+000  1.0000000e+000  0.0000000e+000  1.0000000e+000
  1.0000000e-003  9.5882088e-001  1.0000000e-003  9.9477001e-001
  2.0000000e-003  8.8320869e-001  2.0000000e-003  9.8562519e-001
  3.0000000e-003  7.7949912e-001  3.0000000e-003  9.7272268e-001
  4.0000000e-003  6.5573157e-001  4.0000000e-003  9.5625605e-001
  5.0000000e-003  5.2118626e-001  5.0000000e-003  9.3645164e-001
  6.0000000e-003  3.8583534e-001  6.0000000e-003  9.1356469e-001
  7.0000000e-003  2.5968907e-001  7.0000000e-003  8.8787532e-001
  8.0000000e-003  1.5205847e-001  8.0000000e-003  8.5968434e-001
  9.0000000e-003  7.0789787e-002  9.0000000e-003  8.2930919e-001
  1.0000000e-002  2.1542360e-002  1.0000000e-002  7.9707977e-001
  1.1000000e-002  7.1799767e-003  1.1000000e-002  7.6333450e-001
  1.2000000e-002  2.7335528e-002  1.2000000e-002  7.2841646e-001
  1.3000000e-002  7.8204962e-002  1.3000000e-002  6.9266963e-001
  1.4000000e-002  1.5264100e-001  1.4000000e-002  6.5643541e-001
  1.5000000e-002  2.4064396e-001  1.5000000e-002  6.2004926e-001
  1.6000000e-002  3.3035429e-001  1.6000000e-002  5.8383749e-001
  1.7000000e-002  4.0958561e-001  1.7000000e-002  5.4811434e-001
  1.8000000e-002  4.6775924e-001  1.8000000e-002  5.1317910e-001
  1.9000000e-002  4.9784659e-001  1.9000000e-002  4.7931354e-001
  2.0000000e-002  4.9773942e-001  2.0000000e-002  4.4677944e-001
  2.1000000e-002  4.7053501e-001  2.1000000e-002  4.1581631e-001
  2.2000000e-002  4.2359522e-001  2.2000000e-002  3.8663930e-001
  2.3000000e-002  3.6672728e-001  2.3000000e-002  3.5943733e-001
  2.4000000e-002  3.1013457e-001  2.4000000e-002  3.3437144e-001
  2.5000000e-002  2.6273715e-001  2.5000000e-002  3.1157332e-001
  2.6000000e-002  2.3116293e-001  2.6000000e-002  2.9114418e-001
  2.7000000e-002  2.1938836e-001  2.7000000e-002  2.7315390e-001
  2.8000000e-002  2.2881929e-001  2.8000000e-002  2.5764052e-001
  2.9000000e-002  2.5857302e-001  2.9000000e-002  2.4461007e-001
  3.0000000e-002  3.0578939e-001  3.0000000e-002  2.3403688e-001
  3.1000000e-002  3.6589814e-001  3.1000000e-002  2.2586425e-001
  3.2000000e-002  4.3286158e-001  3.2000000e-002  2.2000561e-001
  3.3000000e-002  4.9948014e-001  3.3000000e-002  2.1634618e-001
  3.4000000e-002  5.5788084e-001  3.4000000e-002  2.1474505e-001
  3.5000000e-002  6.0028751e-001  3.5000000e-002  2.1503772e-001
  3.6000000e-002  6.2007530e-001  3.6000000e-002  2.1703913e-001
  3.7000000e-002  6.1294993e-001  3.7000000e-002  2.2054697e-001
  3.8000000e-002  5.7792969e-001  3.8000000e-002  2.2534538e-001
  3.9000000e-002  5.1775988e-001  3.9000000e-002  2.3120891e-001
  4.0000000e-002  4.3853901e-001  4.0000000e-002  2.3790654e-001
  4.1000000e-002  3.4863647e-001  4.1000000e-002  2.4520586e-001
  4.2000000e-002  2.5725673e-001  4.2000000e-002  2.5287722e-001
  4.3000000e-002  1.7308769e-001  4.3000000e-002  2.6069761e-001
  4.4000000e-002  1.0333595e-001  4.4000000e-002  2.6845451e-001
  4.5000000e-002  5.3219274e-002  4.5000000e-002  2.7594924e-001
  4.6000000e-002  2.5798095e-002  4.6000000e-002  2.8300007e-001
  4.7000000e-002  2.1952976e-002  4.7000000e-002  2.8944476e-001
  4.8000000e-002  4.0349843e-002  4.8000000e-002  2.9514265e-001
  4.9000000e-002  7.7346644e-002  4.9000000e-002  2.9997628e-001
  5.0000000e-002  1.2695343e-001  5.0000000e-002  3.0385240e-001
  5.1000000e-002  1.8111319e-001  5.1000000e-002  3.0670249e-001
  5.2000000e-002  2.3061577e-001  5.2000000e-002  3.0848283e-001
  5.3000000e-002  2.6674735e-001  5.3000000e-002  3.0917402e-001
  5.4000000e-002  2.8329551e-001  5.4000000e-002  3.0878017e-001
  5.5000000e-002  2.7807910e-001  5.5000000e-002  3.0732770e-001
  5.6000000e-002  2.5323108e-001  5.6000000e-002  3.0486379e-001
  5.7000000e-002  2.1412971e-001  5.7000000e-002  3.0145467e-001
  5.8000000e-002  1.6761244e-001  5.8000000e-002  2.9718367e-001
  5.9000000e-002  1.2031841e-001  5.9000000e-002  2.9214908e-001
  6.0000000e-002  7.7665924e-002  6.0000000e-002  2.8646208e-001
  6.1000000e-002  4.3502729e-002  6.1000000e-002  2.8024442e-001
  6.2000000e-002  2.0199204e-002  6.2000000e-002  2.7362626e-001
  6.3000000e-002  8.9194239e-003  6.3000000e-002  2.6674391e-001
  6.4000000e-002  9.8848114e-003  6.4000000e-002  2.5973769e-001
  6.5000000e-002  2.2536571e-002  6.5000000e-002  2.5274978e-001
  6.6000000e-002  4.5568857e-002  6.6000000e-002  2.4592216e-001
  6.7000000e-002  7.6849471e-002  6.7000000e-002  2.3939465e-001
  6.8000000e-002  1.1328795e-001  6.8000000e-002  2.3330297e-001
  6.9000000e-002  1.5076599e-001  6.9000000e-002  2.2777686e-001
  7.0000000e-002  1.8430174e-001  7.0000000e-002  2.2293838e-001
  7.1000000e-002  2.0862584e-001  7.1000000e-002  2.1890012e-001
  7.2000000e-002  2.1921893e-001  7.2000000e-002  2.1576363e-001
  7.3000000e-002  2.1356874e-001  7.3000000e-002  2.1361779e-001
  7.4000000e-002  1.9210416e-001  7.4000000e-002  2.1253737e-001
  7.5000000e-002  1.5826281e-001  7.5000000e-002  2.1258160e-001
  7.6000000e-002  1.1758400e-001  7.6000000e-002  2.1379289e-001
  7.7000000e-002  7.6279003e-002  7.7000000e-002  2.1619562e-001
  7.8000000e-002  3.9938634e-002  7.8000000e-002  2.1979515e-001
  7.9000000e-002  1.2789187e-002  7.9000000e-002  2.2457695e-001
  8.0000000e-002  2.4891704e-003  8.0000000e-002  2.3050597e-001
  8.1000000e-002  4.6065179e-003  8.1000000e-002  2.3752627e-001
  8.2000000e-002  6.5797047e-003  8.2000000e-002  2.4556093e-001
  8.3000000e-002  3.0229529e-002  8.3000000e-002  2.5451233e-001
  8.4000000e-002  6.4542837e-002  8.4000000e-002  2.6426278e-001
  8.5000000e-002  1.0665889e-001  8.5000000e-002  2.7467556e-001
  8.6000000e-002  1.5252853e-001  8.6000000e-002  2.8559644e-001
  8.7000000e-002  1.9693001e-001  8.7000000e-002  2.9685565e-001
  8.8000000e-002  2.3384424e-001  8.8000000e-002  3.0827026e-001
  8.9000000e-002  2.5734218e-001  8.9000000e-002  3.1964704e-001
  9.0000000e-002  2.6289361e-001  9.0000000e-002  3.3078573e-001
  9.1000000e-002  2.4865244e-001  9.1000000e-002  3.4148263e-001
  9.2000000e-002  2.1608705e-001  9.2000000e-002  3.5153448e-001
  9.3000000e-002  1.6957504e-001  9.3000000e-002  3.6074248e-001
  9.4000000e-002  1.1515670e-001  9.4000000e-002  3.6891640e-001
  9.5000000e-002  5.9069597e-002  9.5000000e-002  3.7587861e-001
  9.6000000e-002  6.6487283e-003  9.6000000e-002  3.8146794e-001
  9.7000000e-002  3.8181440e-002  9.7000000e-002  3.8554314e-001
  9.8000000e-002  7.2929141e-002  9.8000000e-002  3.8798603e-001
  9.9000000e-002  9.6308472e-002  9.9000000e-002  3.8870400e-001
  1.0000000e-001  1.0796828e-001  1.0000000e-001  3.8763193e-001
  1.0100000e-001  1.0829292e-001  1.0100000e-001  3.8473345e-001
  1.0200000e-001  9.8311313e-002  1.0200000e-001  3.8000146e-001
  1.0300000e-001  7.9694851e-002  1.0300000e-001  3.7345795e-001
  1.0400000e-001  5.4784639e-002  1.0400000e-001  3.6515321e-001
  1.0500000e-001  2.6560059e-002  1.0500000e-001  3.5516431e-001
  1.0600000e-001  1.5450972e-003  1.0600000e-001  3.4359312e-001
  1.0700000e-001  2.6032418e-002  1.0700000e-001  3.3056391e-001
  1.0800000e-001  4.3891947e-002  1.0800000e-001  3.1622053e-001
  1.0900000e-001  5.3160523e-002  1.0900000e-001  3.0072335e-001
  1.1000000e-001  5.3274495e-002  1.1000000e-001  2.8424618e-001
  1.1100000e-001  4.5076096e-002  1.1100000e-001  2.6697299e-001
  1.1200000e-001  3.0491769e-002  1.1200000e-001  2.4909482e-001
  1.1300000e-001  1.2037158e-002  1.1300000e-001  2.3080667e-001
  1.1400000e-001  7.6667545e-003  1.1400000e-001  2.1230474e-001
  1.1500000e-001  2.6248489e-002  1.1500000e-001  1.9378369e-001
  1.1600000e-001  4.1787565e-002  1.1600000e-001  1.7543433e-001
  1.1700000e-001  5.2901675e-002  1.1700000e-001  1.5744144e-001
  1.1800000e-001  5.8776778e-002  1.1800000e-001  1.3998193e-001
  1.1900000e-001  5.9182507e-002  1.1900000e-001  1.2322320e-001
  1.2000000e-001  5.4484401e-002  1.2000000e-001  1.0732181e-001
  1.2100000e-001  4.5631203e-002  1.2100000e-001  9.2422288e-002
  1.2200000e-001  3.4073506e-002  1.2200000e-001  7.8656195e-002
  1.2300000e-001  2.1575392e-002  1.2300000e-001  6.6141329e-002
  1.2400000e-001  9.9223222e-003  1.2400000e-001  5.4981071e-002
  1.2500000e-001  5.9085750e-004  1.2500000e-001  4.5263855e-002
  1.2600000e-001  5.5135559e-003  1.2600000e-001  3.7062723e-002
  1.2700000e-001  8.1631913e-003  1.2700000e-001  3.0434957e-002
  1.2800000e-001  7.7419915e-003  1.2800000e-001  2.5421757e-002
  1.2900000e-001  5.0621363e-003  1.2900000e-001  2.2047977e-002
  1.3000000e-001  1.1474953e-003  1.3000000e-001  2.0321887e-002
  1.3100000e-001  2.9501488e-003  1.3100000e-001  2.0234977e-002
  1.3200000e-001  6.2751110e-003  1.3200000e-001  2.1761798e-002
  1.3300000e-001  8.0377437e-003  1.3300000e-001  2.4859860e-002
  1.3400000e-001  7.6522210e-003  1.3400000e-001  2.9469586e-002
  1.3500000e-001  4.7663765e-003  1.3500000e-001  3.5514364e-002
  1.3600000e-001  6.9824886e-004  1.3600000e-001  4.2900702e-002
  1.3700000e-001  8.4896296e-003  1.3700000e-001  5.1518532e-002
  1.3800000e-001  1.7963020e-002  1.3800000e-001  6.1241686e-002
  1.3900000e-001  2.8048425e-002  1.3900000e-001  7.1928588e-002
  1.4000000e-001  3.7304910e-002  1.4000000e-001  8.3423188e-002
  1.4100000e-001  4.4116905e-002  1.4100000e-001  9.5556183e-002
  1.4200000e-001  4.7035247e-002  1.4200000e-001  1.0814655e-001
  1.4300000e-001  4.5167640e-002  1.4300000e-001  1.2100339e-001
  1.4400000e-001  3.8446763e-002  1.4400000e-001  1.3392821e-001
  1.4500000e-001  2.7637292e-002  1.4500000e-001  1.4671739e-001
  1.4600000e-001  1.4085407e-002  1.4600000e-001  1.5916518e-001
  1.4700000e-001  6.4902329e-004  1.4700000e-001  1.7106687e-001
  1.4800000e-001  1.5113203e-002  1.4800000e-001  1.8222227e-001
  1.4900000e-001  2.8147352e-002  1.4900000e-001  1.9243934e-001
