  0.0000000e+000  1.0000000e+000  0.0000000e+000  1.0000000e+000
  1.0000000e-003  9.9131632e-001  1.0000000e-003  9.9583340e-001
  2.0000000e-003  9.5545795e-001  2.0000000e-003  9.8747550e-001
  3.0000000e-003  8.9427078e-001  3.0000000e-003  9.7506507e-001
  4.0000000e-003  8.1100695e-001  4.0000000e-003  9.5877776e-001
  5.0000000e-003  7.1037235e-001  5.0000000e-003  9.3882256e-001
  6.0000000e-003  5.9853357e-001  6.0000000e-003  9.1543817e-001
  7.0000000e-003  4.8295377e-001  7.0000000e-003  8.8888909e-001
  8.0000000e-003  3.7192867e-001  8.0000000e-003  8.5946187e-001
  9.0000000e-003  2.7376192e-001  9.0000000e-003  8.2746127e-001
  1.0000000e-002  1.9565894e-001  1.0000000e-002  7.9320658e-001
  1.1000000e-002  1.4258377e-001  1.1000000e-002  7.5702807e-001
  1.2000000e-002  1.1641939e-001  1.2000000e-002  7.1926356e-001
  1.3000000e-002  1.1571453e-001  1.3000000e-002  6.8025522e-001
  1.4000000e-002  1.3609532e-001  1.4000000e-002  6.4034644e-001
  1.5000000e-002  1.7118212e-001  1.5000000e-002  5.9987899e-001
  1.6000000e-002  2.1371327e-001  1.6000000e-002  5.5919018e-001
  1.7000000e-002  2.5659380e-001  1.7000000e-002  5.1861024e-001
  1.8000000e-002  2.9370581e-001  1.8000000e-002  4.7845974e-001
  1.9000000e-002  3.2044788e-001  1.9000000e-002  4.3904711e-001
  2.0000000e-002  3.3404600e-001  2.0000000e-002  4.0066621e-001
  2.1000000e-002  3.3368689e-001  2.1000000e-002  3.6359394e-001
  2.2000000e-002  3.2048775e-001  2.2000000e-002  3.2808786e-001
  2.3000000e-002  2.9727651e-001  2.3000000e-002  2.9438396e-001
  2.4000000e-002  2.6814931e-001  2.4000000e-002  2.6269435e-001
  2.5000000e-002  2.3781773e-001  2.5000000e-002  2.3320516e-001
  2.6000000e-002  2.1084032e-001  2.6000000e-002  2.0607448e-001
  2.7000000e-002  1.9090380e-001  2.7000000e-002  1.8143058e-001
  2.8000000e-002  1.8032433e-001  2.8000000e-002  1.5937027e-001
  2.9000000e-002  1.7986622e-001  2.9000000e-002  1.3995767e-001
  3.0000000e-002  1.8886336e-001  3.0000000e-002  1.2322324e-001
  3.1000000e-002  2.0554001e-001  3.1000000e-002  1.0916339e-001
  3.2000000e-002  2.2739975e-001  3.2000000e-002  9.7740512e-002
  3.3000000e-002  2.5157920e-001  3.3000000e-002  8.8883616e-002
  3.4000000e-002  2.7511655e-001  3.4000000e-002  8.2489537e-002
  3.5000000e-002  2.9513569e-001  3.5000000e-002  7.8424801e-002
  3.6000000e-002  3.0898164e-001  3.6000000e-002  7.6528080e-002
  3.7000000e-002  3.1436034e-001  3.7000000e-002  7.6613234e-002
  3.8000000e-002  3.0953774e-001  3.8000000e-002  7.8472889e-002
  3.9000000e-002  2.9363514e-001  3.9000000e-002  8.1882448e-002
  4.0000000e-002  2.6700800e-001  4.0000000e-002  8.6604456e-002
  4.1000000e-002  2.3160687e-001  4.1000000e-002  9.2393183e-002
  4.2000000e-002  1.9111313e-001  4.2000000e-002  9.8999304e-002
  4.3000000e-002  1.5060116e-001  4.3000000e-002  1.0617454e-001
  4.4000000e-002  1.1561324e-001  4.4000000e-002  1.1367615e-001
  4.5000000e-002  9.0856171e-002  4.5000000e-002  1.2127106e-001
  4.6000000e-002  7.9032124e-002  4.6000000e-002  1.2873973e-001
  4.7000000e-002  8.0308444e-002  4.7000000e-002  1.3587942e-001
  4.8000000e-002  9.2569617e-002  4.8000000e-002  1.4250698e-001
  4.9000000e-002  1.1218260e-001  4.9000000e-002  1.4846107e-001
  5.0000000e-002  1.3485509e-001  5.0000000e-002  1.5360377e-001
  5.1000000e-002  1.5629382e-001  5.1000000e-002  1.5782165e-001
  5.2000000e-002  1.7258791e-001  5.2000000e-002  1.6102626e-001
  5.3000000e-002  1.8039525e-001  5.3000000e-002  1.6315418e-001
  5.4000000e-002  1.7706302e-001  5.4000000e-002  1.6416657e-001
  5.5000000e-002  1.6080044e-001  5.5000000e-002  1.6404843e-001
  5.6000000e-002  1.3097162e-001  5.6000000e-002  1.6280745e-001
  5.7000000e-002  8.8495250e-002  5.7000000e-002  1.6047276e-001
  5.8000000e-002  3.6222306e-002  5.8000000e-002  1.5709337e-001
  5.9000000e-002  2.0955950e-002  5.9000000e-002  1.5273660e-001
  6.0000000e-002  7.6549177e-002  6.0000000e-002  1.4748639e-001
  6.1000000e-002  1.2356700e-001  6.1000000e-002  1.4144161e-001
  6.2000000e-002  1.5601871e-001  6.2000000e-002  1.3471435e-001
  6.3000000e-002  1.7023361e-001  6.3000000e-002  1.2742825e-001
  6.4000000e-002  1.6545018e-001  6.4000000e-002  1.1971689e-001
  6.5000000e-002  1.4352614e-001  6.5000000e-002  1.1172215e-001
  6.6000000e-002  1.0807127e-001  6.6000000e-002  1.0359263e-001
  6.7000000e-002  6.3474282e-002  6.7000000e-002  9.5482136e-002
  6.8000000e-002  1.4164711e-002  6.8000000e-002  8.7548057e-002
  6.9000000e-002  3.5781652e-002  6.9000000e-002  7.9949813e-002
  7.0000000e-002  8.2752194e-002  7.0000000e-002  7.2847182e-002
  7.1000000e-002  1.2354498e-001  7.1000000e-002  6.6398571e-002
  7.2000000e-002  1.5527868e-001  7.2000000e-002  6.0759170e-002
  7.3000000e-002  1.7537210e-001  7.3000000e-002  5.6078971e-002
  7.4000000e-002  1.8168344e-001  7.4000000e-002  5.2500639e-002
  7.5000000e-002  1.7286969e-001  7.5000000e-002  5.0157216e-002
  7.6000000e-002  1.4895090e-001  7.6000000e-002  4.9169672e-002
  7.7000000e-002  1.1191424e-001  7.7000000e-002  4.9644305e-002
  7.8000000e-002  6.6011080e-002  7.8000000e-002  5.1670047e-002
  7.9000000e-002  1.7351355e-002  7.9000000e-002  5.5315704e-002
  8.0000000e-002  2.7326731e-002  8.0000000e-002  6.0627226e-002
  8.1000000e-002  6.2301754e-002  8.1000000e-002  6.7625095e-002
  8.2000000e-002  8.4168496e-002  8.2000000e-002  7.6301956e-002
  8.3000000e-002  9.2239761e-002  8.3000000e-002  8.6620615e-002
  8.4000000e-002  8.8080422e-002  8.4000000e-002  9.8512564e-002
  8.5000000e-002  7.4626587e-002  8.5000000e-002  1.1187717e-001
  8.6000000e-002  5.5354073e-002  8.6000000e-002  1.2658169e-001
  8.7000000e-002  3.3727094e-002  8.7000000e-002  1.4246217e-001
  8.8000000e-002  1.2934927e-002  8.8000000e-002  1.5932540e-001
  8.9000000e-002  4.1846798e-003  8.9000000e-002  1.7695191e-001
  9.0000000e-002  1.5155935e-002  9.0000000e-002  1.9509995e-001
  9.1000000e-002  1.7911868e-002  9.1000000e-002  2.1351048e-001
  9.2000000e-002  1.0952154e-002  9.2000000e-002  2.3191287e-001
  9.3000000e-002  6.3554033e-003  9.3000000e-002  2.5003125e-001
  9.4000000e-002  3.3372832e-002  9.4000000e-002  2.6759115e-001
  9.5000000e-002  6.7849022e-002  9.5000000e-002  2.8432619e-001
  9.6000000e-002  1.0590109e-001  9.6000000e-002  2.9998452e-001
  9.7000000e-002  1.4255606e-001  9.7000000e-002  3.1433466e-001
  9.8000000e-002  1.7282878e-001  9.8000000e-002  3.2717066e-001
  9.9000000e-002  1.9293954e-001  9.9000000e-002  3.3831621e-001
  1.0000000e-001  2.0111680e-001  1.0000000e-001  3.4762761e-001
  1.0100000e-001  1.9767664e-001  1.0100000e-001  3.5499567e-001
  1.0200000e-001  1.8450419e-001  1.0200000e-001  3.6034636e-001
  1.0300000e-001  1.6431443e-001  1.0300000e-001  3.6364048e-001
  1.0400000e-001  1.4002175e-001  1.0400000e-001  3.6487228e-001
  1.0500000e-001  1.1435636e-001  1.0500000e-001  3.6406734e-001
  1.0600000e-001  8.9707653e-002  1.0600000e-001  3.6127988e-001
  1.0700000e-001  6.8107644e-002  1.0700000e-001  3.5658962e-001
  1.0800000e-001  5.1264453e-002  1.0800000e-001  3.5009834e-001
  1.0900000e-001  4.0574643e-002  1.0900000e-001  3.4192649e-001
  1.1000000e-001  3.7063743e-002  1.1000000e-001  3.3220978e-001
  1.1100000e-001  4.1227069e-002  1.1100000e-001  3.2109593e-001
  1.1200000e-001  5.2782407e-002  1.1200000e-001  3.0874175e-001
  1.1300000e-001  7.0415877e-002  1.1300000e-001  2.9531045e-001
  1.1400000e-001  9.1687404e-002  1.1400000e-001  2.8096929e-001
  1.1500000e-001  1.1329207e-001  1.1500000e-001  2.6588763e-001
  1.1600000e-001  1.3175006e-001  1.1600000e-001  2.5023527e-001
  1.1700000e-001  1.4432533e-001  1.1700000e-001  2.3418103e-001
  1.1800000e-001  1.4975605e-001  1.1800000e-001  2.1789173e-001
  1.1900000e-001  1.4845699e-001  1.1900000e-001  2.0153130e-001
  1.2000000e-001  1.4218428e-001  1.2000000e-001  1.8526005e-001
  1.2100000e-001  1.3343408e-001  1.2100000e-001  1.6923418e-001
  1.2200000e-001  1.2487651e-001  1.2200000e-001  1.5360526e-001
  1.2300000e-001  1.1897692e-001  1.2300000e-001  1.3851981e-001
  1.2400000e-001  1.1780048e-001  1.2400000e-001  1.2411879e-001
  1.2500000e-001  1.2292089e-001  1.2500000e-001  1.1053712e-001
  1.2600000e-001  1.3534796e-001  1.2600000e-001  9.7903022e-002
  1.2700000e-001  1.5541769e-001  1.2700000e-001  8.6337216e-002
  1.2800000e-001  1.8262903e-001  1.2800000e-001  7.5951988e-002
  1.2900000e-001  2.1546101e-001  1.2900000e-001  6.6849999e-002
  1.3000000e-001  2.5125927e-001  1.3000000e-001  5.9122896e-002
  1.3100000e-001  2.8632360e-001  1.3100000e-001  5.2849686e-002
  1.3200000e-001  3.1631465e-001  1.3200000e-001  4.8094906e-002
  1.3300000e-001  3.3699022e-001  1.3300000e-001  4.4906595e-002
  1.3400000e-001  3.4509691e-001  1.3400000e-001  4.3314141e-002
  1.3500000e-001  3.3909807e-001  1.3500000e-001  4.3326071e-002
  1.3600000e-001  3.1944833e-001  1.3600000e-001  4.4927882e-002
  1.3700000e-001  2.8833933e-001  1.3700000e-001  4.8080062e-002
  1.3800000e-001  2.4908796e-001  1.3800000e-001  5.2716420e-002
  1.3900000e-001  2.0544651e-001  1.3900000e-001  5.8742930e-002
  1.4000000e-001  1.6105290e-001  1.4000000e-001  6.6037229e-002
  1.4100000e-001  1.1910060e-001  1.4100000e-001  7.4448967e-002
  1.4200000e-001  8.2195855e-002  1.4200000e-001  8.3801122e-002
  1.4300000e-001  5.2321347e-002  1.4300000e-001  9.3892411e-002
  1.4400000e-001  3.0829021e-002  1.4400000e-001  1.0450081e-001
  1.4500000e-001  1.8412952e-002  1.4500000e-001  1.1538819e-001
  1.4600000e-001  1.5050194e-002  1.4600000e-001  1.2630588e-001
  1.4700000e-001  1.9934287e-002  1.4700000e-001  1.3700103e-001
  1.4800000e-001  3.1456274e-002  1.4800000e-001  1.4722348e-001
  1.4900000e-001  4.7298891e-002  1.4900000e-001  1.5673276e-001
