  0.0000000e+000  1.0000000e+000  0.0000000e+000  1.0000000e+000
  1.0000000e-003  9.9860989e-001  1.0000000e-003  9.9242095e-001
  2.0000000e-003  9.6904228e-001  2.0000000e-003  9.8102018e-001
  3.0000000e-003  9.1404587e-001  3.0000000e-003  9.6588646e-001
  4.0000000e-003  8.3769824e-001  4.0000000e-003  9.4713745e-001
  5.0000000e-003  7.4532671e-001  5.0000000e-003  9.2491955e-001
  6.0000000e-003  6.4341877e-001  6.0000000e-003  8.9940753e-001
  7.0000000e-003  5.3938502e-001  7.0000000e-003  8.7080405e-001
  8.0000000e-003  4.4102237e-001  8.0000000e-003  8.3933885e-001
  9.0000000e-003  3.5559744e-001  9.0000000e-003  8.0526759e-001
  1.0000000e-002  2.8865823e-001  1.0000000e-002  7.6887036e-001
  1.1000000e-002  2.4292456e-001  1.1000000e-002  7.3044954e-001
  1.2000000e-002  2.1773334e-001  1.2000000e-002  6.9032732e-001
  1.3000000e-002  2.0935767e-001  1.3000000e-002  6.4884258e-001
  1.4000000e-002  2.1211842e-001  1.4000000e-002  6.0634727e-001
  1.5000000e-002  2.1983891e-001  1.5000000e-002  5.6320231e-001
  1.6000000e-002  2.2711504e-001  1.6000000e-002  5.1977304e-001
  1.7000000e-002  2.3008464e-001  1.7000000e-002  4.7642435e-001
  1.8000000e-002  2.2667099e-001  1.8000000e-002  4.3351560e-001
  1.9000000e-002  2.1645895e-001  1.9000000e-002  3.9139546e-001
  2.0000000e-002  2.0039637e-001  2.0000000e-002  3.5039680e-001
  2.1000000e-002  1.8045678e-001  2.1000000e-002  3.1083184e-001
  2.2000000e-002  1.5932015e-001  2.2000000e-002  2.7298772e-001
  2.3000000e-002  1.4006607e-001  2.3000000e-002  2.3712250e-001
  2.4000000e-002  1.2583868e-001  2.4000000e-002  2.0346191e-001
  2.5000000e-002  1.1943891e-001  2.5000000e-002  1.7219680e-001
  2.6000000e-002  1.2283089e-001  2.6000000e-002  1.4348140e-001
  2.7000000e-002  1.3661803e-001  2.7000000e-002  1.1743241e-001
  2.8000000e-002  1.5963398e-001  2.8000000e-002  9.4128918e-002
  2.9000000e-002  1.8885146e-001  2.9000000e-002  7.3613096e-002
  3.0000000e-002  2.1976806e-001  3.0000000e-002  5.5891615e-002
  3.1000000e-002  2.4725249e-001  3.1000000e-002  4.0937672e-002
  3.2000000e-002  2.6660957e-001  3.2000000e-002  2.8693534e-002
  3.3000000e-002  2.7450261e-001  3.3000000e-002  1.9073477e-002
  3.4000000e-002  2.6945301e-001  3.4000000e-002  1.1966995e-002
  3.5000000e-002  2.5185348e-001  3.5000000e-002  7.2421727e-003
  3.6000000e-002  2.2362813e-001  3.6000000e-002  4.7491119e-003
  3.7000000e-002  1.8774478e-001  3.7000000e-002  4.3233084e-003
  3.8000000e-002  1.4774406e-001  3.8000000e-002  5.7889137e-003
  3.9000000e-002  1.0736180e-001  3.9000000e-002  8.9618080e-003
  4.0000000e-002  7.0246322e-002  4.0000000e-002  1.3652443e-002
  4.1000000e-002  3.9731039e-002  4.1000000e-002  1.9668423e-002
  4.2000000e-002  1.8612800e-002  4.2000000e-002  2.6816806e-002
  4.3000000e-002  8.9000809e-003  4.3000000e-002  3.4906121e-002
  4.4000000e-002  1.1525935e-002  4.4000000e-002  4.3748119e-002
  4.5000000e-002  2.6065203e-002  4.5000000e-002  5.3159257e-002
  4.6000000e-002  5.0544243e-002  4.6000000e-002  6.2961949e-002
  4.7000000e-002  8.1463008e-002  4.7000000e-002  7.2985611e-002
  4.8000000e-002  1.1413277e-001  4.8000000e-002  8.3067525e-002
  4.9000000e-002  1.4334824e-001  4.9000000e-002  9.3053551e-002
  5.0000000e-002  1.6427923e-001  5.0000000e-002  1.0279874e-001
  5.1000000e-002  1.7335199e-001  5.1000000e-002  1.1216782e-001
  5.2000000e-002  1.6886937e-001  5.2000000e-002  1.2103570e-001
  5.3000000e-002  1.5121584e-001  5.3000000e-002  1.2928786e-001
  5.4000000e-002  1.2264926e-001  5.4000000e-002  1.3682075e-001
  5.5000000e-002  8.6808458e-002  5.5000000e-002  1.4354224e-001
  5.6000000e-002  4.8106768e-002  5.6000000e-002  1.4937206e-001
  5.7000000e-002  1.1147477e-002  5.7000000e-002  1.5424223e-001
  5.8000000e-002  1.9770174e-002  5.8000000e-002  1.5809753e-001
  5.9000000e-002  4.1042789e-002  5.9000000e-002  1.6089606e-001
  6.0000000e-002  5.0069477e-002  6.0000000e-002  1.6260968e-001
  6.1000000e-002  4.5490825e-002  6.1000000e-002  1.6322450e-001
  6.2000000e-002  2.7359909e-002  6.2000000e-002  1.6274134e-001
  6.3000000e-002  2.7781539e-003  6.3000000e-002  1.6117607e-001
  6.4000000e-002  4.1938389e-002  6.4000000e-002  1.5855979e-001
  6.5000000e-002  8.5920126e-002  6.5000000e-002  1.5493895e-001
  6.6000000e-002  1.2972056e-001  6.6000000e-002  1.5037510e-001
  6.7000000e-002  1.6811227e-001  6.7000000e-002  1.4494453e-001
  6.8000000e-002  1.9630941e-001  6.8000000e-002  1.3873744e-001
  6.9000000e-002  2.1061084e-001  6.9000000e-002  1.3185690e-001
  7.0000000e-002  2.0890276e-001  7.0000000e-002  1.2441733e-001
  7.1000000e-002  1.9093302e-001  7.1000000e-002  1.1654271e-001
  7.2000000e-002  1.5832190e-001  7.2000000e-002  1.0836429e-001
  7.3000000e-002  1.1432803e-001  7.3000000e-002  1.0001810e-001
  7.4000000e-002  6.3425453e-002  7.4000000e-002  9.1642120e-002
  7.5000000e-002  1.0760885e-002  7.5000000e-002  8.3373259e-002
  7.6000000e-002  3.8443516e-002  7.6000000e-002  7.5344278e-002
  7.7000000e-002  7.9486131e-002  7.7000000e-002  6.7680705e-002
  7.8000000e-002  1.0872890e-001  7.8000000e-002  6.0497904e-002
  7.9000000e-002  1.2403182e-001  7.9000000e-002  5.3898409e-002
  8.0000000e-002  1.2501717e-001  8.0000000e-002  4.7969627e-002
  8.1000000e-002  1.1310559e-001  8.1000000e-002  4.2782006e-002
  8.2000000e-002  9.1290674e-002  8.2000000e-002  3.8387745e-002
  8.3000000e-002  6.3666335e-002  8.3000000e-002  3.4820069e-002
  8.4000000e-002  3.4780349e-002  8.4000000e-002  3.2093095e-002
  8.5000000e-002  8.9345502e-003  8.5000000e-002  3.0202256e-002
  8.6000000e-002  1.0433116e-002  8.6000000e-002  2.9125254e-002
  8.7000000e-002  2.1175115e-002  8.7000000e-002  2.8823446e-002
  8.8000000e-002  2.2614010e-002  8.8000000e-002  2.9243602e-002
  8.9000000e-002  1.5479984e-002  8.9000000e-002  3.0319934e-002
  9.0000000e-002  1.6559667e-003  9.0000000e-002  3.1976294e-002
  9.1000000e-002  1.6199012e-002  9.1000000e-002  3.4128459e-002
  9.2000000e-002  3.5078402e-002  9.2000000e-002  3.6686419e-002
  9.3000000e-002  5.2051677e-002  9.3000000e-002  3.9556594e-002
  9.4000000e-002  6.4641325e-002  9.4000000e-002  4.2643931e-002
  9.5000000e-002  7.1123919e-002  9.5000000e-002  4.5853826e-002
  9.6000000e-002  7.0733486e-002  9.6000000e-002  4.9093868e-002
  9.7000000e-002  6.3750221e-002  9.7000000e-002  5.2275370e-002
  9.8000000e-002  5.1462800e-002  9.8000000e-002  5.5314688e-002
  9.9000000e-002  3.6001062e-002  9.9000000e-002  5.8134340e-002
  1.0000000e-001  2.0048914e-002  1.0000000e-001  6.0663937e-002
  1.0100000e-001  6.4643986e-003  1.0100000e-001  6.2840925e-002
  1.0200000e-001  2.1478212e-003  1.0200000e-001  6.4611179e-002
  1.0300000e-001  3.8509110e-003  1.0300000e-001  6.5929449e-002
  1.0400000e-001  2.2909989e-003  1.0400000e-001  6.6759677e-002
  1.0500000e-001  1.6024605e-002  1.0500000e-001  6.7075208e-002
  1.0600000e-001  3.5908443e-002  1.0600000e-001  6.6858893e-002
  1.0700000e-001  5.9514429e-002  1.0700000e-001  6.6103111e-002
  1.0800000e-001  8.3800390e-002  1.0800000e-001  6.4809686e-002
  1.0900000e-001  1.0558568e-001  1.0900000e-001  6.2989735e-002
  1.1000000e-001  1.2203811e-001  1.1000000e-001  6.0663416e-002
  1.1100000e-001  1.3107993e-001  1.1100000e-001  5.7859591e-002
  1.1200000e-001  1.3164422e-001  1.1200000e-001  5.4615393e-002
  1.1300000e-001  1.2375270e-001  1.1300000e-001  5.0975689e-002
  1.1400000e-001  1.0842776e-001  1.1400000e-001  4.6992436e-002
  1.1500000e-001  8.7481944e-002  1.1500000e-001  4.2723924e-002
  1.1600000e-001  6.3240951e-002  1.1600000e-001  3.8233909e-002
  1.1700000e-001  3.8251515e-002  1.1700000e-001  3.3590626e-002
  1.1800000e-001  1.5010218e-002  1.1800000e-001  2.8865700e-002
  1.1900000e-001  4.2695046e-003  1.1900000e-001  2.4132950e-002
  1.2000000e-001  1.7850251e-002  1.2000000e-001  1.9467117e-002
  1.2100000e-001  2.4629714e-002  1.2100000e-001  1.4942527e-002
  1.2200000e-001  2.4271104e-002  1.2200000e-001  1.0631711e-002
  1.2300000e-001  1.7299407e-002  1.2300000e-001  6.6040229e-003
  1.2400000e-001  5.1390418e-003  1.2400000e-001  2.9242810e-003
  1.2500000e-001  9.9523508e-003  1.2500000e-001  3.4852673e-004
  1.2600000e-001  2.5108901e-002  1.2600000e-001  3.1624398e-003
  1.2700000e-001  3.7273897e-002  1.2700000e-001  5.4735874e-003
  1.2800000e-001  4.3777394e-002  1.2800000e-001  7.2470835e-003
  1.2900000e-001  4.2945806e-002  1.2900000e-001  8.4577278e-003
  1.3000000e-001  3.4544193e-002  1.3000000e-001  9.0904914e-003
  1.3100000e-001  1.9873455e-002  1.3100000e-001  9.1407732e-003
  1.3200000e-001  1.4742038e-003  1.3200000e-001  8.6144229e-003
  1.3300000e-001  1.7445503e-002  1.3300000e-001  7.5275324e-003
  1.3400000e-001  3.3646742e-002  1.3400000e-001  5.9060083e-003
  1.3500000e-001  4.4372679e-002  1.3500000e-001  3.7849448e-003
  1.3600000e-001  4.7650666e-002  1.3600000e-001  1.2078191e-003
  1.3700000e-001  4.2397218e-002  1.3700000e-001  1.7744584e-003
  1.3800000e-001  2.8393685e-002  1.3800000e-001  5.1046088e-003
  1.3900000e-001  6.2056734e-003  1.3900000e-001  8.7201315e-003
  1.4000000e-001  2.2903410e-002  1.4000000e-001  1.2554500e-002
  1.4100000e-001  5.7044632e-002  1.4100000e-001  1.6538379e-002
  1.4200000e-001  9.3769174e-002  1.4200000e-001  2.0600828e-002
  1.4300000e-001  1.3015626e-001  1.4300000e-001  2.4670488e-002
  1.4400000e-001  1.6296556e-001  1.4400000e-001  2.8676703e-002
  1.4500000e-001  1.8889587e-001  1.4500000e-001  3.2550593e-002
  1.4600000e-001  2.0496986e-001  1.4600000e-001  3.6226054e-002
  1.4700000e-001  2.0901436e-001  1.4700000e-001  3.9640677e-002
  1.4800000e-001  2.0013716e-001  1.4800000e-001  4.2736598e-002
  1.4900000e-001  1.7904623e-001  1.4900000e-001  4.5461271e-002
