  0.0000000e+000  1.0000000e+000  0.0000000e+000  1.0000000e+000
  1.0000000e-003  9.5848295e-001  1.0000000e-003  1.0033020e+000
  2.0000000e-003  8.9554661e-001  2.0000000e-003  1.0026968e+000
  3.0000000e-003  8.1551038e-001  3.0000000e-003  9.9816155e-001
  4.0000000e-003  7.2204917e-001  4.0000000e-003  9.8970537e-001
  5.0000000e-003  6.1872318e-001  5.0000000e-003  9.7737037e-001
  6.0000000e-003  5.0970096e-001  6.0000000e-003  9.6123213e-001
  7.0000000e-003  4.0053153e-001  7.0000000e-003  9.4140010e-001
  8.0000000e-003  2.9866216e-001  8.0000000e-003  9.1801772e-001
  9.0000000e-003  2.1315542e-001  9.0000000e-003  8.9126217e-001
  1.0000000e-002  1.5301669e-001  1.0000000e-002  8.6134376e-001
  1.1000000e-002  1.2418590e-001  1.1000000e-002  8.2850478e-001
  1.2000000e-002  1.2659255e-001  1.2000000e-002  7.9301794e-001
  1.3000000e-002  1.5344258e-001  1.3000000e-002  7.5518417e-001
  1.4000000e-002  1.9360236e-001  1.4000000e-002  7.1532997e-001
  1.5000000e-002  2.3550961e-001  1.5000000e-002  6.7380407e-001
  1.6000000e-002  2.7019709e-001  1.6000000e-002  6.3097368e-001
  1.7000000e-002  2.9234419e-001  1.7000000e-002  5.8722017e-001
  1.8000000e-002  2.9984320e-001  1.8000000e-002  5.4293439e-001
  1.9000000e-002  2.9284756e-001  1.9000000e-002  4.9851158e-001
  2.0000000e-002  2.7294939e-001  2.0000000e-002  4.5434610e-001
  2.1000000e-002  2.4270113e-001  2.1000000e-002  4.1082609e-001
  2.2000000e-002  2.0543723e-001  2.2000000e-002  3.6832802e-001
  2.3000000e-002  1.6524109e-001  2.3000000e-002  3.2721153e-001
  2.4000000e-002  1.2685523e-001  2.4000000e-002  2.8781443e-001
  2.5000000e-002  9.5325517e-002  2.5000000e-002  2.5044819e-001
  2.6000000e-002  7.5249515e-002  2.6000000e-002  2.1539380e-001
  2.7000000e-002  6.9719757e-002  2.7000000e-002  1.8289837e-001
  2.8000000e-002  7.9353699e-002  2.8000000e-002  1.5317224e-001
  2.9000000e-002  1.0194127e-001  2.9000000e-002  1.2638684e-001
  3.0000000e-002  1.3298889e-001  3.0000000e-002  1.0267326e-001
  3.1000000e-002  1.6691864e-001  3.1000000e-002  8.2121478e-002
  3.2000000e-002  1.9833364e-001  3.2000000e-002  6.4780321e-002
  3.3000000e-002  2.2285494e-001  3.3000000e-002  5.0657983e-002
  3.4000000e-002  2.3739535e-001  3.4000000e-002  3.9723171e-002
  3.5000000e-002  2.4002993e-001  3.5000000e-002  3.1906725e-002
  3.6000000e-002  2.2971288e-001  3.6000000e-002  2.7103686e-002
  3.7000000e-002  2.0604265e-001  3.7000000e-002  2.5175708e-002
  3.8000000e-002  1.6920164e-001  3.8000000e-002  2.5953768e-002
  3.9000000e-002  1.2014320e-001  3.9000000e-002  2.9241102e-002
  4.0000000e-002  6.1052635e-002  4.0000000e-002  3.4816302e-002
  4.1000000e-002  3.9931161e-003  4.1000000e-002  4.2436536e-002
  4.2000000e-002  6.8475092e-002  4.2000000e-002  5.1840862e-002
  4.3000000e-002  1.2363433e-001  4.3000000e-002  6.2753593e-002
  4.4000000e-002  1.6016112e-001  4.4000000e-002  7.4887707e-002
  4.5000000e-002  1.7133981e-001  4.5000000e-002  8.7948305e-002
  4.6000000e-002  1.5605684e-001  4.6000000e-002  1.0163609e-001
  4.7000000e-002  1.1940499e-001  4.7000000e-002  1.1565088e-001
  4.8000000e-002  7.0311815e-002  4.8000000e-002  1.2969520e-001
  4.9000000e-002  1.8035903e-002  4.9000000e-002  1.4347785e-001
  5.0000000e-002  3.0272969e-002  5.0000000e-002  1.5671757e-001
  5.1000000e-002  7.0267929e-002  5.1000000e-002  1.6914669e-001
  5.2000000e-002  9.9951011e-002  5.2000000e-002  1.8051475e-001
  5.3000000e-002  1.1887608e-001  5.3000000e-002  1.9059219e-001
  5.4000000e-002  1.2747278e-001  5.4000000e-002  1.9917377e-001
  5.5000000e-002  1.2662980e-001  5.5000000e-002  2.0608199e-001
  5.6000000e-002  1.1752026e-001  5.6000000e-002  2.1117012e-001
  5.7000000e-002  1.0161163e-001  5.7000000e-002  2.1432498e-001
  5.8000000e-002  8.0799861e-002  5.8000000e-002  2.1546921e-001
  5.9000000e-002  5.7592194e-002  5.9000000e-002  2.1456300e-001
  6.0000000e-002  3.5213853e-002  6.0000000e-002  2.1160511e-001
  6.1000000e-002  1.7445956e-002  6.1000000e-002  2.0663324e-001
  6.2000000e-002  8.0007711e-003  6.2000000e-002  1.9972341e-001
  6.3000000e-002  9.4435627e-003  6.3000000e-002  1.9098863e-001
  6.4000000e-002  2.2090879e-002  6.4000000e-002  1.8057655e-001
  6.5000000e-002  4.3605496e-002  6.5000000e-002  1.6866630e-001
  6.6000000e-002  6.9689998e-002  6.6000000e-002  1.5546458e-001
  6.7000000e-002  9.5493311e-002  6.7000000e-002  1.4120096e-001
  6.8000000e-002  1.1689445e-001  6.8000000e-002  1.2612273e-001
  6.9000000e-002  1.3112131e-001  6.9000000e-002  1.1048929e-001
  7.0000000e-002  1.3673353e-001  7.0000000e-002  9.4566420e-002
  7.1000000e-002  1.3329553e-001  7.1000000e-002  7.8620484e-002
  7.2000000e-002  1.2103283e-001  7.2000000e-002  6.2912873e-002
  7.3000000e-002  1.0061695e-001  7.3000000e-002  4.7694791e-002
  7.4000000e-002  7.3110100e-002  7.4000000e-002  3.3202566e-002
  7.5000000e-002  4.0042641e-002  7.5000000e-002  1.9653599e-002
  7.6000000e-002  3.5630626e-003  7.6000000e-002  7.2430312e-003
  7.7000000e-002  3.3436520e-002  7.7000000e-002  3.8588257e-003
  7.8000000e-002  6.7358209e-002  7.8000000e-002  1.3508283e-002
  7.9000000e-002  9.4245485e-002  7.9000000e-002  2.1589324e-002
  8.0000000e-002  1.1049121e-001  8.0000000e-002  2.8013953e-002
  8.1000000e-002  1.1373894e-001  8.1000000e-002  3.2721929e-002
  8.2000000e-002  1.0358746e-001  8.2000000e-002  3.5679964e-002
  8.3000000e-002  8.1710608e-002  8.3000000e-002  3.6880484e-002
  8.4000000e-002  5.1314023e-002  8.4000000e-002  3.6340057e-002
  8.5000000e-002  1.6231182e-002  8.5000000e-002  3.4097575e-002
  8.6000000e-002  1.9907912e-002  8.6000000e-002  3.0212282e-002
  8.7000000e-002  5.4166315e-002  8.7000000e-002  2.4761726e-002
  8.8000000e-002  8.4429150e-002  8.8000000e-002  1.7839692e-002
  8.9000000e-002  1.0930109e-001  8.9000000e-002  9.5541797e-003
  9.0000000e-002  1.2792065e-001  9.0000000e-002  2.5455435e-005
  9.1000000e-002  1.3979455e-001  9.1000000e-002  1.0615796e-002
  9.2000000e-002  1.4470388e-001  9.2000000e-002  2.2230197e-002
  9.3000000e-002  1.4269581e-001  9.3000000e-002  3.4671286e-002
  9.4000000e-002  1.3414718e-001  9.4000000e-002  4.7787005e-002
  9.5000000e-002  1.1985965e-001  9.5000000e-002  6.1421084e-002
  9.6000000e-002  1.0112198e-001  9.6000000e-002  7.5414335e-002
  9.7000000e-002  7.9668455e-002  9.7000000e-002  8.9605879e-002
  9.8000000e-002  5.7493821e-002  9.8000000e-002  1.0383433e-001
  9.9000000e-002  3.6554216e-002  9.9000000e-002  1.1793898e-001
  1.0000000e-001  1.8451979e-002  1.0000000e-001  1.3176093e-001
  1.0100000e-001  4.2175267e-003  1.0100000e-001  1.4514434e-001
  1.0200000e-001  5.7507846e-003  1.0200000e-001  1.5793768e-001
  1.0300000e-001  1.1606481e-002  1.0300000e-001  1.6999505e-001
  1.0400000e-001  1.3902554e-002  1.0400000e-001  1.8117758e-001
  1.0500000e-001  1.3437406e-002  1.0500000e-001  1.9135497e-001
  1.0600000e-001  1.1141927e-002  1.0600000e-001  2.0040701e-001
  1.0700000e-001  8.0185006e-003  1.0700000e-001  2.0822528e-001
  1.0800000e-001  5.1203401e-003  1.0800000e-001  2.1471478e-001
  1.0900000e-001  3.5468398e-003  1.0900000e-001  2.1979564e-001
  1.1000000e-001  4.4224259e-003  1.1000000e-001  2.2340477e-001
  1.1100000e-001  8.8199691e-003  1.1100000e-001  2.2549738e-001
  1.1200000e-001  1.7590572e-002  1.1200000e-001  2.2604837e-001
  1.1300000e-001  3.1085771e-002  1.1300000e-001  2.2505341e-001
  1.1400000e-001  4.8825417e-002  1.1400000e-001  2.2252980e-001
  1.1500000e-001  6.9266494e-002  1.1500000e-001  2.1851686e-001
  1.1600000e-001  8.9887717e-002  1.1600000e-001  2.1307588e-001
  1.1700000e-001  1.0770212e-001  1.1700000e-001  2.0628958e-001
  1.1800000e-001  1.2003891e-001  1.1800000e-001  1.9826103e-001
  1.1900000e-001  1.2521607e-001  1.1900000e-001  1.8911199e-001
  1.2000000e-001  1.2279514e-001  1.2000000e-001  1.7898074e-001
  1.2100000e-001  1.1340376e-001  1.2100000e-001  1.6801939e-001
  1.2200000e-001  9.8342228e-002  1.2200000e-001  1.5639083e-001
  1.2300000e-001  7.9205079e-002  1.2300000e-001  1.4426527e-001
  1.2400000e-001  5.7633708e-002  1.2400000e-001  1.3181664e-001
  1.2500000e-001  3.5205827e-002  1.2500000e-001  1.1921886e-001
  1.2600000e-001  1.3416945e-002  1.2600000e-001  1.0664219e-001
  1.2700000e-001  6.2974111e-003  1.2700000e-001  9.4249774e-002
  1.2800000e-001  2.2540002e-002  1.2800000e-001  8.2194407e-002
  1.2900000e-001  3.3962149e-002  1.2900000e-001  7.0615775e-002
  1.3000000e-001  3.9331545e-002  1.3000000e-001  5.9638125e-002
  1.3100000e-001  3.7677251e-002  1.3100000e-001  4.9368458e-002
  1.3200000e-001  2.8517329e-002  1.3200000e-001  3.9895265e-002
  1.3300000e-001  1.2142711e-002  1.3300000e-001  3.1287790e-002
  1.3400000e-001  1.0120893e-002  1.3400000e-001  2.3595808e-002
  1.3500000e-001  3.5805000e-002  1.3500000e-001  1.6849854e-002
  1.3600000e-001  6.1486292e-002  1.3600000e-001  1.1061862e-002
  1.3700000e-001  8.3328286e-002  1.3700000e-001  6.2261285e-003
  1.3800000e-001  9.7862047e-002  1.3800000e-001  2.3205406e-003
  1.3900000e-001  1.0273289e-001  1.3900000e-001  6.9200239e-004
  1.4000000e-001  9.7129167e-002  1.4000000e-001  2.8620434e-003
  1.4100000e-001  8.1771431e-002  1.4100000e-001  4.2519532e-003
  1.4200000e-001  5.8552508e-002  1.4200000e-001  4.9342947e-003
  1.4300000e-001  3.0034679e-002  1.4300000e-001  4.9902057e-003
  1.4400000e-001  1.0104879e-003  1.4400000e-001  4.5078273e-003
  1.4500000e-001  3.1926953e-002  1.4500000e-001  3.5807960e-003
  1.4600000e-001  6.0358534e-002  1.4600000e-001  2.3068065e-003
  1.4700000e-001  8.4335110e-002  1.4700000e-001  7.8624834e-004
  1.4800000e-001  1.0231437e-001  1.4800000e-001  8.7909363e-004
  1.4900000e-001  1.1322437e-001  1.4900000e-001  2.5872841e-003
