  0.0000000e+000  1.0000000e+000  0.0000000e+000  1.0000000e+000
  1.0000000e-003  9.9271892e-001  1.0000000e-003  1.0015336e+000
  2.0000000e-003  9.6777487e-001  2.0000000e-003  1.0011130e+000
  3.0000000e-003  9.2585583e-001  3.0000000e-003  9.9874108e-001
  4.0000000e-003  8.6809254e-001  4.0000000e-003  9.9442697e-001
  5.0000000e-003  7.9603284e-001  5.0000000e-003  9.8818562e-001
  6.0000000e-003  7.1160566e-001  6.0000000e-003  9.8003794e-001
  7.0000000e-003  6.1707686e-001  7.0000000e-003  9.7001070e-001
  8.0000000e-003  5.1500256e-001  8.0000000e-003  9.5813651e-001
  9.0000000e-003  4.0819561e-001  9.0000000e-003  9.4445372e-001
  1.0000000e-002  2.9976071e-001  1.0000000e-002  9.2900633e-001
  1.1000000e-002  1.9347434e-001  1.1000000e-002  9.1184392e-001
  1.2000000e-002  9.6880261e-002  1.2000000e-002  8.9302153e-001
  1.3000000e-002  5.8745048e-002  1.3000000e-002  8.7259952e-001
  1.4000000e-002  1.2437938e-001  1.4000000e-002  8.5064349e-001
  1.5000000e-002  1.9996529e-001  1.5000000e-002  8.2722411e-001
  1.6000000e-002  2.6634859e-001  1.6000000e-002  8.0241703e-001
  1.7000000e-002  3.2000232e-001  1.7000000e-002  7.7630280e-001
  1.8000000e-002  3.5945733e-001  1.8000000e-002  7.4896673e-001
  1.9000000e-002  3.8406429e-001  1.9000000e-002  7.2049885e-001
  2.0000000e-002  3.9376045e-001  2.0000000e-002  6.9099395e-001
  2.1000000e-002  3.8899168e-001  2.1000000e-002  6.6055158e-001
  2.2000000e-002  3.7066249e-001  2.2000000e-002  6.2927624e-001
  2.3000000e-002  3.4008688e-001  2.3000000e-002  5.9727768e-001
  2.4000000e-002  2.9893534e-001  2.4000000e-002  5.6467139e-001
  2.5000000e-002  2.4918273e-001  2.5000000e-002  5.3157941e-001
  2.6000000e-002  1.9307779e-001  2.6000000e-002  4.9813149e-001
  2.7000000e-002  1.3322531e-001  2.7000000e-002  4.6446694e-001
  2.8000000e-002  7.3447838e-002  2.8000000e-002  4.3073734e-001
  2.9000000e-002  3.1577642e-002  2.9000000e-002  3.9711057e-001
  3.0000000e-002  6.4872215e-002  3.0000000e-002  3.6377696e-001
  3.1000000e-002  1.1697176e-001  3.1000000e-002  3.3095852e-001
  3.2000000e-002  1.6531507e-001  3.2000000e-002  2.9892315e-001
  3.3000000e-002  2.0651420e-001  3.3000000e-002  2.6800611e-001
  3.4000000e-002  2.3894414e-001  3.4000000e-002  2.3864239e-001
  3.5000000e-002  2.6158237e-001  3.5000000e-002  2.1141301e-001
  3.6000000e-002  2.7383997e-001  3.6000000e-002  1.8710298e-001
  3.7000000e-002  2.7552069e-001  3.7000000e-002  1.6674834e-001
  3.8000000e-002  2.6680081e-001  3.8000000e-002  1.5159956e-001
  3.9000000e-002  2.4820801e-001  3.9000000e-002  1.4287095e-001
  4.0000000e-002  2.2059415e-001  4.0000000e-002  1.4123162e-001
  4.1000000e-002  1.8510157e-001  4.1000000e-002  1.4635529e-001
  4.2000000e-002  1.4312634e-001  4.2000000e-002  1.5700998e-001
  4.3000000e-002  9.6296006e-002  4.3000000e-002  1.7161061e-001
  4.4000000e-002  4.6625265e-002  4.4000000e-002  1.8870969e-001
  4.5000000e-002  1.1788984e-002  4.5000000e-002  2.0718563e-001
  4.6000000e-002  5.8366309e-002  4.6000000e-002  2.2622990e-001
  4.7000000e-002  1.0717809e-001  4.7000000e-002  2.4527203e-001
  4.8000000e-002  1.5246418e-001  4.8000000e-002  2.6390758e-001
  4.9000000e-002  1.9253069e-001  4.9000000e-002  2.8184503e-001
  5.0000000e-002  2.2603540e-001  5.0000000e-002  2.9886994e-001
  5.1000000e-002  2.5191068e-001  5.1000000e-002  3.1482152e-001
  5.2000000e-002  2.6937739e-001  5.2000000e-002  3.2957743e-001
  5.3000000e-002  2.7796261e-001  5.3000000e-002  3.4304373e-001
  5.4000000e-002  2.7750988e-001  5.4000000e-002  3.5514823e-001
  5.5000000e-002  2.6817911e-001  5.5000000e-002  3.6583599e-001
  5.6000000e-002  2.5043573e-001  5.6000000e-002  3.7506619e-001
  5.7000000e-002  2.2502937e-001  5.7000000e-002  3.8280996e-001
  5.8000000e-002  1.9296282e-001  5.8000000e-002  3.8904880e-001
  5.9000000e-002  1.5545275e-001  5.9000000e-002  3.9377345e-001
  6.0000000e-002  1.1388395e-001  6.0000000e-002  3.9698303e-001
  6.1000000e-002  6.9760507e-002  6.1000000e-002  3.9868439e-001
  6.2000000e-002  2.4681980e-002  6.2000000e-002  3.9889162e-001
  6.3000000e-002  2.0087112e-002  6.3000000e-002  3.9762563e-001
  6.4000000e-002  6.2496998e-002  6.4000000e-002  3.9491386e-001
  6.5000000e-002  1.0146419e-001  6.5000000e-002  3.9079004e-001
  6.6000000e-002  1.3566445e-001  6.6000000e-002  3.8529397e-001
  6.7000000e-002  1.6400984e-001  6.7000000e-002  3.7847143e-001
  6.8000000e-002  1.8563899e-001  6.8000000e-002  3.7037407e-001
  6.9000000e-002  1.9993972e-001  6.9000000e-002  3.6105943e-001
  7.0000000e-002  2.0656532e-001  7.0000000e-002  3.5059101e-001
  7.1000000e-002  2.0544194e-001  7.1000000e-002  3.3903848e-001
  7.2000000e-002  1.9676689e-001  7.2000000e-002  3.2647798e-001
  7.3000000e-002  1.8099817e-001  7.3000000e-002  3.1299274e-001
  7.4000000e-002  1.5883629e-001  7.4000000e-002  2.9867384e-001
  7.5000000e-002  1.3120087e-001  7.5000000e-002  2.8362149e-001
  7.6000000e-002  9.9210009e-002  7.6000000e-002  2.6794686e-001
  7.7000000e-002  6.4202574e-002  7.7000000e-002  2.5177466e-001
  7.8000000e-002  2.8252570e-002  7.8000000e-002  2.3524707e-001
  7.9000000e-002  1.6157935e-002  7.9000000e-002  2.1852923e-001
  8.0000000e-002  4.9990702e-002  8.0000000e-002  2.0181732e-001
  8.1000000e-002  8.4333810e-002  8.1000000e-002  1.8534995e-001
  8.2000000e-002  1.1566582e-001  8.2000000e-002  1.6942383e-001
  8.3000000e-002  1.4270292e-001  8.3000000e-002  1.5441381e-001
  8.4000000e-002  1.6449484e-001  8.4000000e-002  1.4079414e-001
  8.5000000e-002  1.8032836e-001  8.5000000e-002  1.2915023e-001
  8.6000000e-002  1.8972608e-001  8.6000000e-002  1.2015576e-001
  8.7000000e-002  1.9245392e-001  8.7000000e-002  1.1447864e-001
  8.8000000e-002  1.8852443e-001  8.8000000e-002  1.1260266e-001
  8.9000000e-002  1.7819335e-001  8.9000000e-002  1.1463715e-001
  9.0000000e-002  1.6194970e-001  9.0000000e-002  1.2025666e-001
  9.1000000e-002  1.4050161e-001  9.1000000e-002  1.2882723e-001
  9.2000000e-002  1.1476563e-001  9.2000000e-002  1.3961314e-001
  9.3000000e-002  8.5886991e-002  9.3000000e-002  1.5193166e-001
  9.4000000e-002  5.5438678e-002  9.4000000e-002  1.6521777e-001
  9.5000000e-002  2.7229663e-002  9.5000000e-002  1.7902851e-001
  9.6000000e-002  2.3751572e-002  9.6000000e-002  1.9302300e-001
  9.7000000e-002  4.9123894e-002  9.7000000e-002  2.0693850e-001
  9.8000000e-002  7.6662756e-002  9.8000000e-002  2.2057008e-001
  9.9000000e-002  1.0163674e-001  9.9000000e-002  2.3375526e-001
  1.0000000e-001  1.2258643e-001  1.0000000e-001  2.4636311e-001
  1.0100000e-001  1.3862864e-001  1.0100000e-001  2.5828652e-001
  1.0200000e-001  1.4916984e-001  1.0200000e-001  2.6943690e-001
  1.0300000e-001  1.5385755e-001  1.0300000e-001  2.7974045e-001
  1.0400000e-001  1.5257036e-001  1.0400000e-001  2.8913551e-001
  1.0500000e-001  1.4541262e-001  1.0500000e-001  2.9757074e-001
  1.0600000e-001  1.3270567e-001  1.0600000e-001  3.0500371e-001
  1.0700000e-001  1.1497314e-001  1.0700000e-001  3.1140003e-001
  1.0800000e-001  9.2920205e-002  1.0800000e-001  3.1673251e-001
  1.0900000e-001  6.7407365e-002  1.0900000e-001  3.2098074e-001
  1.1000000e-001  3.9422548e-002  1.1000000e-001  3.2413056e-001
  1.1100000e-001  1.0122391e-002  1.1100000e-001  3.2617382e-001
  1.1200000e-001  1.9831287e-002  1.1200000e-001  3.2710807e-001
  1.1300000e-001  4.8683628e-002  1.1300000e-001  3.2693634e-001
  1.1400000e-001  7.5667028e-002  1.1400000e-001  3.2566699e-001
  1.1500000e-001  9.9740114e-002  1.1500000e-001  3.2331348e-001
  1.1600000e-001  1.1999636e-001  1.1600000e-001  3.1989430e-001
  1.1700000e-001  1.3567448e-001  1.1700000e-001  3.1543275e-001
  1.1800000e-001  1.4618327e-001  1.1800000e-001  3.0995690e-001
  1.1900000e-001  1.5112223e-001  1.1900000e-001  3.0349944e-001
  1.2000000e-001  1.5029572e-001  1.2000000e-001  2.9609759e-001
  1.2100000e-001  1.4372069e-001  1.2100000e-001  2.8779308e-001
  1.2200000e-001  1.3162862e-001  1.2200000e-001  2.7863204e-001
  1.2300000e-001  1.1446509e-001  1.2300000e-001  2.6866512e-001
  1.2400000e-001  9.2897906e-002  1.2400000e-001  2.5794748e-001
  1.2500000e-001  6.7881301e-002  1.2500000e-001  2.4653904e-001
  1.2600000e-001  4.1085750e-002  1.2600000e-001  2.3450479e-001
  1.2700000e-001  1.9595498e-002  1.2700000e-001  2.2191530e-001
  1.2800000e-001  3.1576846e-002  1.2800000e-001  2.0884759e-001
  1.2900000e-001  5.9771987e-002  1.2900000e-001  1.9538645e-001
  1.3000000e-001  8.8831964e-002  1.3000000e-001  1.8162637e-001
  1.3100000e-001  1.1616786e-001  1.3100000e-001  1.6767469e-001
  1.3200000e-001  1.4052866e-001  1.3200000e-001  1.5365625e-001
  1.3300000e-001  1.6099545e-001  1.3300000e-001  1.3972069e-001
  1.3400000e-001  1.7685194e-001  1.3400000e-001  1.2605362e-001
  1.3500000e-001  1.8756735e-001  1.3500000e-001  1.1289366e-001
  1.3600000e-001  1.9279940e-001  1.3600000e-001  1.0055697e-001
  1.3700000e-001  1.9239850e-001  1.3700000e-001  8.9468342e-002
  1.3800000e-001  1.8640814e-001  1.3800000e-001  8.0186805e-002
  1.3900000e-001  1.7505992e-001  1.3900000e-001  7.3386110e-002
  1.4000000e-001  1.5876272e-001  1.4000000e-001  6.9720112e-002
  1.4100000e-001  1.3808625e-001  1.4100000e-001  6.9553072e-002
  1.4200000e-001  1.1373974e-001  1.4200000e-001  7.2731394e-002
  1.4300000e-001  8.6546655e-002  1.4300000e-001  7.8643624e-002
  1.4400000e-001  5.7418614e-002  1.4400000e-001  8.6507629e-002
  1.4500000e-001  2.7350029e-002  1.4500000e-001  9.5612357e-002
  1.4600000e-001  4.0327743e-003  1.4600000e-001  1.0540541e-001
  1.4700000e-001  3.2286473e-002  1.4700000e-001  1.1548433e-001
  1.4800000e-001  5.9607834e-002  1.4800000e-001  1.2555987e-001
  1.4900000e-001  8.4293077e-002  1.4900000e-001  1.3542170e-001
