  0.0000000e+000  1.0000000e+000  0.0000000e+000  1.0000000e+000
  1.0000000e-003  9.8350203e-001  1.0000000e-003  9.9815288e-001
  2.0000000e-003  9.5129861e-001  2.0000000e-003  9.9436120e-001
  3.0000000e-003  9.0431413e-001  3.0000000e-003  9.8863785e-001
  4.0000000e-003  8.4385497e-001  4.0000000e-003  9.8100117e-001
  5.0000000e-003  7.7156742e-001  5.0000000e-003  9.7147497e-001
  6.0000000e-003  6.8938574e-001  6.0000000e-003  9.6008841e-001
  7.0000000e-003  5.9947267e-001  7.0000000e-003  9.4687591e-001
  8.0000000e-003  5.0415505e-001  8.0000000e-003  9.3187706e-001
  9.0000000e-003  4.0585824e-001  9.0000000e-003  9.1513651e-001
  1.0000000e-002  3.0704664e-001  1.0000000e-002  8.9670379e-001
  1.1000000e-002  2.1019324e-001  1.1000000e-002  8.7663318e-001
  1.2000000e-002  1.1792166e-001  1.2000000e-002  8.5498355e-001
  1.3000000e-002  3.6033991e-002  1.3000000e-002  8.3181817e-001
  1.4000000e-002  5.4419042e-002  1.4000000e-002  8.0720453e-001
  1.5000000e-002  1.2132829e-001  1.5000000e-002  7.8121413e-001
  1.6000000e-002  1.7925671e-001  1.6000000e-002  7.5392224e-001
  1.7000000e-002  2.2577127e-001  1.7000000e-002  7.2540773e-001
  1.8000000e-002  2.6008765e-001  1.8000000e-002  6.9575280e-001
  1.9000000e-002  2.8194872e-001  1.9000000e-002  6.6504278e-001
  2.0000000e-002  2.9150183e-001  2.0000000e-002  6.3336586e-001
  2.1000000e-002  2.8925889e-001  2.1000000e-002  6.0081289e-001
  2.2000000e-002  2.7606460e-001  2.2000000e-002  5.6747712e-001
  2.3000000e-002  2.5306080e-001  2.3000000e-002  5.3345405e-001
  2.4000000e-002  2.2164478e-001  2.4000000e-002  4.9884121e-001
  2.5000000e-002  1.8342279e-001  2.5000000e-002  4.6373804e-001
  2.6000000e-002  1.4016335e-001  2.6000000e-002  4.2824587e-001
  2.7000000e-002  9.3770285e-002  2.7000000e-002  3.9246797e-001
  2.8000000e-002  4.6444180e-002  2.8000000e-002  3.5650993e-001
  2.9000000e-002  1.1004871e-002  2.9000000e-002  3.2048034e-001
  3.0000000e-002  4.8797127e-002  3.0000000e-002  2.8449234e-001
  3.1000000e-002  8.9688420e-002  3.1000000e-002  2.4866654e-001
  3.2000000e-002  1.2569544e-001  3.2000000e-002  2.1313712e-001
  3.3000000e-002  1.5536537e-001  3.3000000e-002  1.7806503e-001
  3.4000000e-002  1.7772441e-001  3.4000000e-002  1.4366945e-001
  3.5000000e-002  1.9212663e-001  3.5000000e-002  1.1031343e-001
  3.6000000e-002  1.9823985e-001  3.6000000e-002  7.8784263e-002
  3.7000000e-002  1.9604051e-001  3.7000000e-002  5.1445751e-002
  3.8000000e-002  1.8580254e-001  3.8000000e-002  3.6860699e-002
  3.9000000e-002  1.6807771e-001  3.9000000e-002  4.6842555e-002
  4.0000000e-002  1.4366788e-001  4.0000000e-002  7.0619923e-002
  4.1000000e-002  1.1359069e-001  4.1000000e-002  9.7758731e-002
  4.2000000e-002  7.9043908e-002  4.2000000e-002  1.2533954e-001
  4.3000000e-002  4.1400184e-002  4.3000000e-002  1.5246061e-001
  4.4000000e-002  4.9367126e-003  4.4000000e-002  1.7874539e-001
  4.5000000e-002  3.8662311e-002  4.5000000e-002  2.0399314e-001
  4.6000000e-002  7.7458339e-002  4.6000000e-002  2.2807606e-001
  4.7000000e-002  1.1402268e-001  4.7000000e-002  2.5090239e-001
  4.8000000e-002  1.4707431e-001  4.8000000e-002  2.7240115e-001
  4.9000000e-002  1.7554341e-001  4.9000000e-002  2.9251509e-001
  5.0000000e-002  1.9855495e-001  5.0000000e-002  3.1119714e-001
  5.1000000e-002  2.1544874e-001  5.1000000e-002  3.2840857e-001
  5.2000000e-002  2.2579817e-001  5.2000000e-002  3.4411790e-001
  5.3000000e-002  2.2942353e-001  5.3000000e-002  3.5830030e-001
  5.4000000e-002  2.2640001e-001  5.4000000e-002  3.7093720e-001
  5.5000000e-002  2.1706192e-001  5.5000000e-002  3.8201607e-001
  5.6000000e-002  2.0200692e-001  5.6000000e-002  3.9153024e-001
  5.7000000e-002  1.8210903e-001  5.7000000e-002  3.9947875e-001
  5.8000000e-002  1.5855977e-001  5.8000000e-002  4.0586632e-001
  5.9000000e-002  1.3298382e-001  5.9000000e-002  4.1070322e-001
  6.0000000e-002  1.0773541e-001  6.0000000e-002  4.1400519e-001
  6.1000000e-002  8.6529624e-002  6.1000000e-002  4.1579340e-001
  6.2000000e-002  7.4883579e-002  6.2000000e-002  4.1609433e-001
  6.3000000e-002  7.7002728e-002  6.3000000e-002  4.1493974e-001
  6.4000000e-002  9.0103348e-002  6.4000000e-002  4.1236657e-001
  6.5000000e-002  1.0773692e-001  6.5000000e-002  4.0841687e-001
  6.6000000e-002  1.2524393e-001  6.6000000e-002  4.0313777e-001
  6.7000000e-002  1.4004144e-001  6.7000000e-002  3.9658143e-001
  6.8000000e-002  1.5070834e-001  6.8000000e-002  3.8880500e-001
  6.9000000e-002  1.5646922e-001  6.9000000e-002  3.7987065e-001
  7.0000000e-002  1.5696829e-001  7.0000000e-002  3.6984567e-001
  7.1000000e-002  1.5216583e-001  7.1000000e-002  3.5880252e-001
  7.2000000e-002  1.4228157e-001  7.2000000e-002  3.4681914e-001
  7.3000000e-002  1.2775505e-001  7.3000000e-002  3.3397923e-001
  7.4000000e-002  1.0921084e-001  7.4000000e-002  3.2037281e-001
  7.5000000e-002  8.7424498e-002  7.5000000e-002  3.0609692e-001
  7.6000000e-002  6.3289242e-002  7.6000000e-002  2.9125673e-001
  7.7000000e-002  3.7793503e-002  7.7000000e-002  2.7596697e-001
  7.8000000e-002  1.2190141e-002  7.8000000e-002  2.6035401e-001
  7.9000000e-002  1.4160363e-002  7.9000000e-002  2.4455863e-001
  8.0000000e-002  3.7689072e-002  8.0000000e-002  2.2873983e-001
  8.1000000e-002  5.8999862e-002  8.1000000e-002  2.1307977e-001
  8.2000000e-002  7.7121669e-002  8.2000000e-002  1.9779018e-001
  8.3000000e-002  9.1380498e-002  8.3000000e-002  1.8311984e-001
  8.4000000e-002  1.0127316e-001  8.4000000e-002  1.6936234e-001
  8.5000000e-002  1.0647156e-001  8.5000000e-002  1.5686136e-001
  8.6000000e-002  1.0683131e-001  8.6000000e-002  1.4600771e-001
  8.7000000e-002  1.0239655e-001  8.7000000e-002  1.3721913e-001
  8.8000000e-002  9.3399993e-002  8.8000000e-002  1.3089285e-001
  8.9000000e-002  8.0260669e-002  8.9000000e-002  1.2732986e-001
  9.0000000e-002  6.3588149e-002  9.0000000e-002  1.2665244e-001
  9.1000000e-002  4.4238003e-002  9.1000000e-002  1.2875633e-001
  9.2000000e-002  2.3789269e-002  9.2000000e-002  1.3332964e-001
  9.3000000e-002  1.2089379e-002  9.3000000e-002  1.3992823e-001
  9.4000000e-002  2.8633037e-002  9.4000000e-002  1.4806539e-001
  9.5000000e-002  5.0330317e-002  9.5000000e-002  1.5727901e-001
  9.6000000e-002  7.1142730e-002  9.6000000e-002  1.6716588e-001
  9.7000000e-002  8.9671585e-002  9.7000000e-002  1.7739058e-001
  9.8000000e-002  1.0500078e-001  9.8000000e-002  1.8768077e-001
  9.9000000e-002  1.1641339e-001  9.9000000e-002  1.9781745e-001
  1.0000000e-001  1.2336333e-001  1.0000000e-001  2.0762469e-001
  1.0100000e-001  1.2548212e-001  1.0100000e-001  2.1696069e-001
  1.0200000e-001  1.2259000e-001  1.0200000e-001  2.2571067e-001
  1.0300000e-001  1.1470620e-001  1.0300000e-001  2.3378134e-001
  1.0400000e-001  1.0206033e-001  1.0400000e-001  2.4109681e-001
  1.0500000e-001  8.5118746e-002  1.0500000e-001  2.4759547e-001
  1.0600000e-001  6.4683492e-002  1.0600000e-001  2.5322770e-001
  1.0700000e-001  4.2392215e-002  1.0700000e-001  2.5795414e-001
  1.0800000e-001  2.4362811e-002  1.0800000e-001  2.6174438e-001
  1.0900000e-001  3.0847626e-002  1.0900000e-001  2.6457594e-001
  1.1000000e-001  5.5314944e-002  1.1000000e-001  2.6643349e-001
  1.1100000e-001  8.2958138e-002  1.1100000e-001  2.6730822e-001
  1.1200000e-001  1.1023850e-001  1.1200000e-001  2.6719737e-001
  1.1300000e-001  1.3564791e-001  1.1300000e-001  2.6610378e-001
  1.1400000e-001  1.5812273e-001  1.1400000e-001  2.6403555e-001
  1.1500000e-001  1.7680311e-001  1.1500000e-001  2.6100574e-001
  1.1600000e-001  1.9099174e-001  1.1600000e-001  2.5703211e-001
  1.1700000e-001  2.0015436e-001  1.1700000e-001  2.5213687e-001
  1.1800000e-001  2.0392973e-001  1.1800000e-001  2.4634646e-001
  1.1900000e-001  2.0214000e-001  1.1900000e-001  2.3969137e-001
  1.2000000e-001  1.9479933e-001  1.2000000e-001  2.3220596e-001
  1.2100000e-001  1.8212056e-001  1.2100000e-001  2.2392830e-001
  1.2200000e-001  1.6452351e-001  1.2200000e-001  2.1490005e-001
  1.2300000e-001  1.4265419e-001  1.2300000e-001  2.0516638e-001
  1.2400000e-001  1.1744457e-001  1.2400000e-001  1.9477594e-001
  1.2500000e-001  9.0315846e-002  1.2500000e-001  1.8378096e-001
  1.2600000e-001  6.3952697e-002  1.2600000e-001  1.7223739e-001
  1.2700000e-001  4.5275986e-002  1.2700000e-001  1.6020539e-001
  1.2800000e-001  4.7410976e-002  1.2800000e-001  1.4775006e-001
  1.2900000e-001  6.7990759e-002  1.2900000e-001  1.3494287e-001
  1.3000000e-001  9.4080747e-002  1.3000000e-001  1.2186410e-001
  1.3100000e-001  1.1995403e-001  1.3100000e-001  1.0860733e-001
  1.3200000e-001  1.4332074e-001  1.3200000e-001  9.5287705e-002
  1.3300000e-001  1.6293614e-001  1.3300000e-001  8.2058061e-002
  1.3400000e-001  1.7799890e-001  1.3400000e-001  6.9141908e-002
  1.3500000e-001  1.8798908e-001  1.3500000e-001  5.6904063e-002
  1.3600000e-001  1.9261952e-001  1.3600000e-001  4.6002758e-002
  1.3700000e-001  1.9182052e-001  1.3700000e-001  3.7665146e-002
  1.3800000e-001  1.8573546e-001  1.3800000e-001  3.3794723e-002
  1.3900000e-001  1.7472274e-001  1.3900000e-001  3.5731513e-002
  1.4000000e-001  1.5936824e-001  1.4000000e-001  4.2503962e-002
  1.4100000e-001  1.4052404e-001  1.4100000e-001  5.2054472e-002
  1.4200000e-001  1.1941334e-001  1.4200000e-001  6.2917329e-002
  1.4300000e-001  9.7900170e-002  1.4300000e-001  7.4303812e-002
  1.4400000e-001  7.9107721e-002  1.4400000e-001  8.5793212e-002
  1.4500000e-001  6.8153636e-002  1.4500000e-001  9.7142305e-002
  1.4600000e-001  7.0007795e-002  1.4600000e-001  1.0819602e-001
  1.4700000e-001  8.3444413e-002  1.4700000e-001  1.1884625e-001
  1.4800000e-001  1.0277415e-001  1.4800000e-001  1.2901195e-001
  1.4900000e-001  1.2355375e-001  1.4900000e-001  1.3862908e-001
