  0.0000000e+000  1.0000000e+000  0.0000000e+000  1.0000000e+000
  1.0000000e-003  9.8744527e-001  1.0000000e-003  1.0005444e+000
  2.0000000e-003  9.5807638e-001  2.0000000e-003  9.9907591e-001
  3.0000000e-003  9.1267787e-001  3.0000000e-003  9.9559850e-001
  4.0000000e-003  8.5246317e-001  4.0000000e-003  9.9012228e-001
  5.0000000e-003  7.7903896e-001  5.0000000e-003  9.8266328e-001
  6.0000000e-003  6.9435827e-001  6.0000000e-003  9.7324341e-001
  7.0000000e-003  6.0066454e-001  7.0000000e-003  9.6189041e-001
  8.0000000e-003  5.0043126e-001  8.0000000e-003  9.4863772e-001
  9.0000000e-003  3.9630678e-001  9.0000000e-003  9.3352438e-001
  1.0000000e-002  2.9109450e-001  1.0000000e-002  9.1659494e-001
  1.1000000e-002  1.8791154e-001  1.1000000e-002  8.9789924e-001
  1.2000000e-002  9.1785296e-002  1.2000000e-002  8.7749229e-001
  1.3000000e-002  4.1662654e-002  1.3000000e-002  8.5543408e-001
  1.4000000e-002  1.0645463e-001  1.4000000e-002  8.3178940e-001
  1.5000000e-002  1.7966037e-001  1.5000000e-002  8.0662758e-001
  1.6000000e-002  2.4334910e-001  1.6000000e-002  7.8002233e-001
  1.7000000e-002  2.9494070e-001  1.7000000e-002  7.5205142e-001
  1.8000000e-002  3.3338255e-001  1.8000000e-002  7.2279653e-001
  1.9000000e-002  3.5826617e-001  1.9000000e-002  6.9234289e-001
  2.0000000e-002  3.6967535e-001  2.0000000e-002  6.6077907e-001
  2.1000000e-002  3.6813799e-001  2.1000000e-002  6.2819669e-001
  2.2000000e-002  3.5459882e-001  2.2000000e-002  5.9469014e-001
  2.3000000e-002  3.3040059e-001  2.3000000e-002  5.6035627e-001
  2.4000000e-002  2.9728124e-001  2.4000000e-002  5.2529410e-001
  2.5000000e-002  2.5741426e-001  2.5000000e-002  4.8960460e-001
  2.6000000e-002  2.1356478e-001  2.6000000e-002  4.5339033e-001
  2.7000000e-002  1.6955266e-001  2.7000000e-002  4.1675525e-001
  2.8000000e-002  1.3144123e-001  2.8000000e-002  3.7980449e-001
  2.9000000e-002  1.0915751e-001  2.9000000e-002  3.4264419e-001
  3.0000000e-002  1.1170577e-001  3.0000000e-002  3.0538158e-001
  3.1000000e-002  1.3406310e-001  3.1000000e-002  2.6812514e-001
  3.2000000e-002  1.6370868e-001  3.2000000e-002  2.3098553e-001
  3.3000000e-002  1.9241702e-001  3.3000000e-002  1.9407761e-001
  3.4000000e-002  2.1602754e-001  3.4000000e-002  1.5752579e-001
  3.5000000e-002  2.3238035e-001  3.5000000e-002  1.2147905e-001
  3.6000000e-002  2.4035783e-001  3.6000000e-002  8.6162299e-002
  3.7000000e-002  2.3950987e-001  3.7000000e-002  5.2125592e-002
  3.8000000e-002  2.2989818e-001  3.8000000e-002  2.2663166e-002
  3.9000000e-002  2.1202505e-001  3.9000000e-002  2.5833548e-002
  4.0000000e-002  1.8680714e-001  4.0000000e-002  5.4874325e-002
  4.1000000e-002  1.5560921e-001  4.1000000e-002  8.5787430e-002
  4.2000000e-002  1.2045112e-001  4.2000000e-002  1.1623629e-001
  4.3000000e-002  8.4908989e-002  4.3000000e-002  1.4577733e-001
  4.4000000e-002  5.8040961e-002  4.4000000e-002  1.7422842e-001
  4.5000000e-002  5.9276179e-002  4.5000000e-002  2.0147683e-001
  4.6000000e-002  8.7077709e-002  4.6000000e-002  2.2743690e-001
  4.7000000e-002  1.2225055e-001  4.7000000e-002  2.5203712e-001
  4.8000000e-002  1.5653983e-001  4.8000000e-002  2.7521534e-001
  4.9000000e-002  1.8671599e-001  4.9000000e-002  2.9691680e-001
  5.0000000e-002  2.1100840e-001  5.0000000e-002  3.1709321e-001
  5.1000000e-002  2.2827954e-001  5.1000000e-002  3.3570234e-001
  5.2000000e-002  2.3781420e-001  5.2000000e-002  3.5270779e-001
  5.3000000e-002  2.3925841e-001  5.3000000e-002  3.6807897e-001
  5.4000000e-002  2.3260058e-001  5.4000000e-002  3.8179097e-001
  5.5000000e-002  2.1816756e-001  5.5000000e-002  3.9382463e-001
  5.6000000e-002  1.9663425e-001  5.6000000e-002  4.0416651e-001
  5.7000000e-002  1.6906834e-001  5.7000000e-002  4.1280884e-001
  5.8000000e-002  1.3708660e-001  5.8000000e-002  4.1974957e-001
  5.9000000e-002  1.0340606e-001  5.9000000e-002  4.2499230e-001
  6.0000000e-002  7.3884023e-002  6.0000000e-002  4.2854625e-001
  6.1000000e-002  6.2284938e-002  6.1000000e-002  4.3042623e-001
  6.2000000e-002  7.9067314e-002  6.2000000e-002  4.3065255e-001
  6.3000000e-002  1.1109559e-001  6.3000000e-002  4.2925098e-001
  6.4000000e-002  1.4635391e-001  6.4000000e-002  4.2625264e-001
  6.5000000e-002  1.7986458e-001  6.5000000e-002  4.2169394e-001
  6.6000000e-002  2.0917848e-001  6.6000000e-002  4.1561647e-001
  6.7000000e-002  2.3277256e-001  6.7000000e-002  4.0806690e-001
  6.8000000e-002  2.4961233e-001  6.8000000e-002  3.9909691e-001
  6.9000000e-002  2.5902205e-001  6.9000000e-002  3.8876314e-001
  7.0000000e-002  2.6064189e-001  7.0000000e-002  3.7712710e-001
  7.1000000e-002  2.5440970e-001  7.1000000e-002  3.6425516e-001
  7.2000000e-002  2.4054707e-001  7.2000000e-002  3.5021866e-001
  7.3000000e-002  2.1954210e-001  7.3000000e-002  3.3509400e-001
  7.4000000e-002  1.9212677e-001  7.4000000e-002  3.1896296e-001
  7.5000000e-002  1.5924897e-001  7.5000000e-002  3.0191320e-001
  7.6000000e-002  1.2204284e-001  7.6000000e-002  2.8403909e-001
  7.7000000e-002  8.1815214e-002  7.7000000e-002  2.6544303e-001
  7.8000000e-002  4.0205258e-002  7.8000000e-002  2.4623767e-001
  7.9000000e-002  1.0078503e-002  7.9000000e-002  2.2654931e-001
  8.0000000e-002  4.6113845e-002  8.0000000e-002  2.0652359e-001
  8.1000000e-002  8.5008296e-002  8.1000000e-002  1.8633488e-001
  8.2000000e-002  1.2070823e-001  8.2000000e-002  1.6620228e-001
  8.3000000e-002  1.5193000e-001  8.3000000e-002  1.4641722e-001
  8.4000000e-002  1.7773726e-001  8.4000000e-002  1.2739204e-001
  8.5000000e-002  1.9743339e-001  8.5000000e-002  1.0974303e-001
  8.6000000e-002  2.1056413e-001  8.6000000e-002  9.4417796e-002
  8.7000000e-002  2.1693035e-001  8.7000000e-002  8.2816889e-002
  8.8000000e-002  2.1659987e-001  8.8000000e-002  7.6653455e-002
  8.9000000e-002  2.0991865e-001  8.9000000e-002  7.7142634e-002
  9.0000000e-002  1.9752646e-001  9.0000000e-002  8.3989600e-002
  9.1000000e-002  1.8038826e-001  9.1000000e-002  9.5609672e-002
  9.2000000e-002  1.5986469e-001  9.2000000e-002  1.1024604e-001
  9.3000000e-002  1.3786446e-001  9.3000000e-002  1.2658325e-001
  9.4000000e-002  1.1712735e-001  9.4000000e-002  1.4376293e-001
  9.5000000e-002  1.0150520e-001  9.5000000e-002  1.6123647e-001
  9.6000000e-002  9.5265318e-002  9.6000000e-002  1.7864258e-001
  9.7000000e-002  1.0011860e-001  9.7000000e-002  1.9573155e-001
  9.8000000e-002  1.1323894e-001  9.8000000e-002  2.1232180e-001
  9.9000000e-002  1.2996776e-001  9.9000000e-002  2.2827515e-001
  1.0000000e-001  1.4656559e-001  1.0000000e-001  2.4348239e-001
  1.0100000e-001  1.6059289e-001  1.0100000e-001  2.5785472e-001
  1.0200000e-001  1.7051901e-001  1.0200000e-001  2.7131856e-001
  1.0300000e-001  1.7540713e-001  1.0300000e-001  2.8381220e-001
  1.0400000e-001  1.7474367e-001  1.0400000e-001  2.9528372e-001
  1.0500000e-001  1.6834968e-001  1.0500000e-001  3.0568961e-001
  1.0600000e-001  1.5633015e-001  1.0600000e-001  3.1499379e-001
  1.0700000e-001  1.3903932e-001  1.0700000e-001  3.2316701e-001
  1.0800000e-001  1.1705367e-001  1.0800000e-001  3.3018638e-001
  1.0900000e-001  9.1155515e-002  1.0900000e-001  3.3603507e-001
  1.1000000e-001  6.2364856e-002  1.1000000e-001  3.4070205e-001
  1.1100000e-001  3.2360551e-002  1.1100000e-001  3.4418189e-001
  1.1200000e-001  1.3331782e-002  1.1200000e-001  3.4647467e-001
  1.1300000e-001  3.7598771e-002  1.1300000e-001  3.4758582e-001
  1.1400000e-001  6.7900430e-002  1.1400000e-001  3.4752604e-001
  1.1500000e-001  9.6793978e-002  1.1500000e-001  3.4631120e-001
  1.1600000e-001  1.2285015e-001  1.1600000e-001  3.4396228e-001
  1.1700000e-001  1.4513935e-001  1.1700000e-001  3.4050531e-001
  1.1800000e-001  1.6294865e-001  1.1800000e-001  3.3597134e-001
  1.1900000e-001  1.7575168e-001  1.1900000e-001  3.3039639e-001
  1.2000000e-001  1.8320982e-001  1.2000000e-001  3.2382145e-001
  1.2100000e-001  1.8517594e-001  1.2100000e-001  3.1629255e-001
  1.2200000e-001  1.8169435e-001  1.2200000e-001  3.0786083e-001
  1.2300000e-001  1.7299556e-001  1.2300000e-001  2.9858269e-001
  1.2400000e-001  1.5948596e-001  1.2400000e-001  2.8852001e-001
  1.2500000e-001  1.4173327e-001  1.2500000e-001  2.7774058e-001
  1.2600000e-001  1.2045035e-001  1.2600000e-001  2.6631855e-001
  1.2700000e-001  9.6484252e-002  1.2700000e-001  2.5433525e-001
  1.2800000e-001  7.0835966e-002  1.2800000e-001  2.4188026e-001
  1.2900000e-001  4.4847608e-002  1.2900000e-001  2.2905284e-001
  1.3000000e-001  2.1874925e-002  1.3000000e-001  2.1596402e-001
  1.3100000e-001  2.0157032e-002  1.3100000e-001  2.0273938e-001
  1.3200000e-001  3.9934389e-002  1.3200000e-001  1.8952276e-001
  1.3300000e-001  6.0795106e-002  1.3300000e-001  1.7648113e-001
  1.3400000e-001  7.9191938e-002  1.3400000e-001  1.6381060e-001
  1.3500000e-001  9.4111809e-002  1.3500000e-001  1.5174326e-001
  1.3600000e-001  1.0502514e-001  1.3600000e-001  1.4055335e-001
  1.3700000e-001  1.1164876e-001  1.3700000e-001  1.3055959e-001
  1.3800000e-001  1.1389965e-001  1.3800000e-001  1.2211713e-001
  1.3900000e-001  1.1188172e-001  1.3900000e-001  1.1559042e-001
  1.4000000e-001  1.0587934e-001  1.4000000e-001  1.1130037e-001
  1.4100000e-001  9.6354263e-002  1.4100000e-001  1.0945231e-001
  1.4200000e-001  8.3952129e-002  1.4200000e-001  1.1007265e-001
  1.4300000e-001  6.9540667e-002  1.4300000e-001  1.1299108e-001
  1.4400000e-001  5.4347943e-002  1.4400000e-001  1.1788134e-001
  1.4500000e-001  4.0412029e-002  1.4500000e-001  1.2433656e-001
  1.4600000e-001  3.1629037e-002  1.4600000e-001  1.3194059e-001
  1.4700000e-001  3.2597346e-002  1.4700000e-001  1.4031350e-001
  1.4800000e-001  4.1396039e-002  1.4800000e-001  1.4913046e-001
  1.4900000e-001  5.2515448e-002  1.4900000e-001  1.5812338e-001
