  0.0000000e+000  1.0000000e+000  0.0000000e+000  1.0000000e+000
  1.0000000e-003  9.9893314e-001  1.0000000e-003  1.0022384e+000
  2.0000000e-003  9.7996678e-001  2.0000000e-003  1.0024569e+000
  3.0000000e-003  9.4363828e-001  3.0000000e-003  1.0006538e+000
  4.0000000e-003  8.9092861e-001  4.0000000e-003  9.9683352e-001
  5.0000000e-003  8.2324514e-001  5.0000000e-003  9.9100622e-001
  6.0000000e-003  7.4240528e-001  6.0000000e-003  9.8318790e-001
  7.0000000e-003  6.5063192e-001  7.0000000e-003  9.7340035e-001
  8.0000000e-003  5.5058640e-001  8.0000000e-003  9.6167108e-001
  9.0000000e-003  4.4551198e-001  9.0000000e-003  9.4803323e-001
  1.0000000e-002  3.3972672e-001  1.0000000e-002  9.3252548e-001
  1.1000000e-002  2.4038828e-001  1.1000000e-002  9.1519193e-001
  1.2000000e-002  1.6409980e-001  1.2000000e-002  8.9608199e-001
  1.3000000e-002  1.4711042e-001  1.3000000e-002  8.7525017e-001
  1.4000000e-002  1.9601629e-001  1.4000000e-002  8.5275599e-001
  1.5000000e-002  2.6817709e-001  1.5000000e-002  8.2866373e-001
  1.6000000e-002  3.3994064e-001  1.6000000e-002  8.0304227e-001
  1.7000000e-002  4.0286004e-001  1.7000000e-002  7.7596489e-001
  1.8000000e-002  4.5318386e-001  1.8000000e-002  7.4750900e-001
  1.9000000e-002  4.8893204e-001  1.9000000e-002  7.1775594e-001
  2.0000000e-002  5.0909251e-001  2.0000000e-002  6.8679073e-001
  2.1000000e-002  5.1335842e-001  2.1000000e-002  6.5470179e-001
  2.2000000e-002  5.0201920e-001  2.2000000e-002  6.2158072e-001
  2.3000000e-002  4.7589577e-001  2.3000000e-002  5.8752199e-001
  2.4000000e-002  4.3628414e-001  2.4000000e-002  5.5262268e-001
  2.5000000e-002  3.8489650e-001  2.5000000e-002  5.1698227e-001
  2.6000000e-002  3.2380027e-001  2.6000000e-002  4.8070233e-001
  2.7000000e-002  2.5536924e-001  2.7000000e-002  4.4388636e-001
  2.8000000e-002  1.8230713e-001  2.8000000e-002  4.0663960e-001
  2.9000000e-002  1.0812138e-001  2.9000000e-002  3.6906899e-001
  3.0000000e-002  4.3412420e-002  3.0000000e-002  3.3128330e-001
  3.1000000e-002  6.0061036e-002  3.1000000e-002  2.9339360e-001
  3.2000000e-002  1.2356323e-001  3.2000000e-002  2.5551442e-001
  3.3000000e-002  1.8492726e-001  3.3000000e-002  2.1776642e-001
  3.4000000e-002  2.3887612e-001  3.4000000e-002  1.8028273e-001
  3.5000000e-002  2.8339681e-001  3.5000000e-002  1.4322512e-001
  3.6000000e-002  3.1725044e-001  3.6000000e-002  1.0683281e-001
  3.7000000e-002  3.3967870e-001  3.7000000e-002  7.1611893e-002
  3.8000000e-002  3.5033817e-001  3.8000000e-002  3.9466215e-002
  3.9000000e-002  3.4927276e-001  3.9000000e-002  2.3963859e-002
  4.0000000e-002  3.3689083e-001  4.0000000e-002  4.5026846e-002
  4.1000000e-002  3.1393994e-001  4.1000000e-002  7.5792485e-002
  4.2000000e-002  2.8147881e-001  4.2000000e-002  1.0739596e-001
  4.3000000e-002  2.4085050e-001  4.3000000e-002  1.3851926e-001
  4.4000000e-002  1.9367088e-001  4.4000000e-002  1.6877221e-001
  4.5000000e-002  1.4188828e-001  4.5000000e-002  1.9796773e-001
  4.6000000e-002  8.8245008e-002  4.6000000e-002  2.2598552e-001
  4.7000000e-002  4.0852534e-002  4.7000000e-002  2.5273434e-001
  4.8000000e-002  4.6306226e-002  4.8000000e-002  2.7813889e-001
  4.9000000e-002  9.3483316e-002  4.9000000e-002  3.0213442e-001
  5.0000000e-002  1.4223903e-001  5.0000000e-002  3.2466437e-001
  5.1000000e-002  1.8664822e-001  5.1000000e-002  3.4567917e-001
  5.2000000e-002  2.2462505e-001  5.2000000e-002  3.6513567e-001
  5.3000000e-002  2.5486335e-001  5.3000000e-002  3.8299680e-001
  5.4000000e-002  2.7648237e-001  5.4000000e-002  3.9923144e-001
  5.5000000e-002  2.8896464e-001  5.5000000e-002  4.1381428e-001
  5.6000000e-002  2.9214294e-001  5.6000000e-002  4.2672583e-001
  5.7000000e-002  2.8619224e-001  5.7000000e-002  4.3795229e-001
  5.8000000e-002  2.7161542e-001  5.8000000e-002  4.4748558e-001
  5.9000000e-002  2.4922041e-001  5.9000000e-002  4.5532325e-001
  6.0000000e-002  2.2009038e-001  6.0000000e-002  4.6146842e-001
  6.1000000e-002  1.8555311e-001  6.1000000e-002  4.6592975e-001
  6.2000000e-002  1.4716787e-001  6.2000000e-002  4.6872131e-001
  6.3000000e-002  1.0679781e-001  6.3000000e-002  4.6986250e-001
  6.4000000e-002  6.7130320e-002  6.4000000e-002  4.6937794e-001
  6.5000000e-002  3.5653462e-002  6.5000000e-002  4.6729732e-001
  6.6000000e-002  3.8576427e-002  6.6000000e-002  4.6365528e-001
  6.7000000e-002  6.7062850e-002  6.7000000e-002  4.5849125e-001
  6.8000000e-002  9.6550189e-002  6.8000000e-002  4.5184926e-001
  6.9000000e-002  1.2179133e-001  6.9000000e-002  4.4377778e-001
  7.0000000e-002  1.4115793e-001  7.0000000e-002  4.3432949e-001
  7.1000000e-002  1.5386907e-001  7.1000000e-002  4.2356111e-001
  7.2000000e-002  1.5957465e-001  7.2000000e-002  4.1153319e-001
  7.3000000e-002  1.5826179e-001  7.3000000e-002  3.9830985e-001
  7.4000000e-002  1.5023183e-001  7.4000000e-002  3.8395861e-001
  7.5000000e-002  1.3611036e-001  7.5000000e-002  3.6855011e-001
  7.6000000e-002  1.1691087e-001  7.6000000e-002  3.5215794e-001
  7.7000000e-002  9.4255414e-002  7.7000000e-002  3.3485844e-001
  7.8000000e-002  7.1133794e-002  7.8000000e-002  3.1673045e-001
  7.9000000e-002  5.4276440e-002  7.9000000e-002  2.9785524e-001
  8.0000000e-002  5.5163711e-002  8.0000000e-002  2.7831635e-001
  8.1000000e-002  7.4349558e-002  8.1000000e-002  2.5819965e-001
  8.2000000e-002  1.0110861e-001  8.2000000e-002  2.3759345e-001
  8.3000000e-002  1.2891064e-001  8.3000000e-002  2.1658895e-001
  8.4000000e-002  1.5471920e-001  8.4000000e-002  1.9528115e-001
  8.5000000e-002  1.7677779e-001  8.5000000e-002  1.7377056e-001
  8.6000000e-002  1.9389202e-001  8.6000000e-002  1.5216673e-001
  8.7000000e-002  2.0522035e-001  8.7000000e-002  1.3059530e-001
  8.8000000e-002  2.1021162e-001  8.8000000e-002  1.0921325e-001
  8.9000000e-002  2.0858659e-001  8.9000000e-002  8.8245221e-002
  9.0000000e-002  2.0033131e-001  9.0000000e-002  6.8080338e-002
  9.1000000e-002  1.8569142e-001  9.1000000e-002  4.9571308e-002
  9.2000000e-002  1.6516548e-001  9.2000000e-002  3.5036015e-002
  9.3000000e-002  1.3950315e-001  9.3000000e-002  3.0100394e-002
  9.4000000e-002  1.0973439e-001  9.4000000e-002  3.7968568e-002
  9.5000000e-002  7.7350810e-002  9.5000000e-002  5.2653723e-002
  9.6000000e-002  4.5459212e-002  9.6000000e-002  6.9478217e-002
  9.7000000e-002  2.8123664e-002  9.7000000e-002  8.6757007e-002
  9.8000000e-002  4.8093987e-002  9.8000000e-002  1.0385182e-001
  9.9000000e-002  8.0209128e-002  9.9000000e-002  1.2046351e-001
  1.0000000e-001  1.1238744e-001  1.0000000e-001  1.3642173e-001
  1.0100000e-001  1.4190399e-001  1.0100000e-001  1.5161373e-001
  1.0200000e-001  1.6744982e-001  1.0200000e-001  1.6595663e-001
  1.0300000e-001  1.8815736e-001  1.0300000e-001  1.7938523e-001
  1.0400000e-001  2.0343132e-001  1.0400000e-001  1.9184623e-001
  1.0500000e-001  2.1291035e-001  1.0500000e-001  2.0329516e-001
  1.0600000e-001  2.1645590e-001  1.0600000e-001  2.1369476e-001
  1.0700000e-001  2.1414573e-001  1.0700000e-001  2.2301404e-001
  1.0800000e-001  2.0626616e-001  1.0800000e-001  2.3122770e-001
  1.0900000e-001  1.9330224e-001  1.0900000e-001  2.3831578e-001
  1.1000000e-001  1.7592798e-001  1.1000000e-001  2.4426344e-001
  1.1100000e-001  1.5500151e-001  1.1100000e-001  2.4906076e-001
  1.1200000e-001  1.3157809e-001  1.1200000e-001  2.5270268e-001
  1.1300000e-001  1.0697311e-001  1.1300000e-001  2.5518881e-001
  1.1400000e-001  8.2963556e-002  1.1400000e-001  2.5652339e-001
  1.1500000e-001  6.2343664e-002  1.1500000e-001  2.5671516e-001
  1.1600000e-001  4.9819618e-002  1.1600000e-001  2.5577730e-001
  1.1700000e-001  4.9841472e-002  1.1700000e-001  2.5372725e-001
  1.1800000e-001  5.9500876e-002  1.1800000e-001  2.5058668e-001
  1.1900000e-001  7.2069002e-002  1.1900000e-001  2.4638128e-001
  1.2000000e-001  8.3429314e-002  1.2000000e-001  2.4114069e-001
  1.2100000e-001  9.1668982e-002  1.2100000e-001  2.3489832e-001
  1.2200000e-001  9.5905502e-002  1.2200000e-001  2.2769118e-001
  1.2300000e-001  9.5795057e-002  1.2300000e-001  2.1955974e-001
  1.2400000e-001  9.1358971e-002  1.2400000e-001  2.1054776e-001
  1.2500000e-001  8.2934966e-002  1.2500000e-001  2.0070205e-001
  1.2600000e-001  7.1212272e-002  1.2600000e-001  1.9007236e-001
  1.2700000e-001  5.7422740e-002  1.2700000e-001  1.7871112e-001
  1.2800000e-001  4.3996443e-002  1.2800000e-001  1.6667328e-001
  1.2900000e-001  3.6146364e-002  1.2900000e-001  1.5401611e-001
  1.3000000e-001  4.0212017e-002  1.3000000e-001  1.4079904e-001
  1.3100000e-001  5.4080025e-002  1.3100000e-001  1.2708357e-001
  1.3200000e-001  7.1595018e-002  1.3200000e-001  1.1293320e-001
  1.3300000e-001  8.9270978e-002  1.3300000e-001  9.8413612e-002
  1.3400000e-001  1.0532158e-001  1.3400000e-001  8.3593332e-002
  1.3500000e-001  1.1864176e-001  1.3500000e-001  6.8545521e-002
  1.3600000e-001  1.2846693e-001  1.3600000e-001  5.3353386e-002
  1.3700000e-001  1.3426619e-001  1.3700000e-001  3.8129101e-002
  1.3800000e-001  1.3570728e-001  1.3800000e-001  2.3107681e-002
  1.3900000e-001  1.3264338e-001  1.3900000e-001  9.6268991e-003
  1.4000000e-001  1.2510546e-001  1.4000000e-001  1.1296845e-002
  1.4100000e-001  1.1329481e-001  1.4100000e-001  2.5071336e-002
  1.4200000e-001  9.7574554e-002  1.4200000e-001  3.9720689e-002
  1.4300000e-001  7.8463882e-002  1.4300000e-001  5.4314986e-002
  1.4400000e-001  5.6653771e-002  1.4400000e-001  6.8659124e-002
  1.4500000e-001  3.3176770e-002  1.4500000e-001  8.2655359e-002
  1.4600000e-001  1.2156576e-002  1.4600000e-001  9.6231900e-002
  1.4700000e-001  2.2865956e-002  1.4700000e-001  1.0932746e-001
  1.4800000e-001  4.7195487e-002  1.4800000e-001  1.2188663e-001
  1.4900000e-001  7.1348837e-002  1.4900000e-001  1.3385829e-001
