  0.0000000e+000  1.0000000e+000  0.0000000e+000  1.0000000e+000
  1.0000000e-003  9.8298280e-001  1.0000000e-003  9.9741005e-001
  2.0000000e-003  9.4800059e-001  2.0000000e-003  9.9294074e-001
  3.0000000e-003  8.9589110e-001  3.0000000e-003  9.8660521e-001
  4.0000000e-003  8.2795055e-001  4.0000000e-003  9.7842215e-001
  5.0000000e-003  7.4589643e-001  5.0000000e-003  9.6841567e-001
  6.0000000e-003  6.5181933e-001  6.0000000e-003  9.5661522e-001
  7.0000000e-003  5.4812637e-001  7.0000000e-003  9.4305553e-001
  8.0000000e-003  4.3748109e-001  8.0000000e-003  9.2777648e-001
  9.0000000e-003  3.2275413e-001  9.0000000e-003  9.1082294e-001
  1.0000000e-002  2.0705216e-001  1.0000000e-002  8.9224465e-001
  1.1000000e-002  9.4497604e-002  1.1000000e-002  8.7209603e-001
  1.2000000e-002  3.3794371e-002  1.2000000e-002  8.5043605e-001
  1.3000000e-002  1.2620758e-001  1.3000000e-002  8.2732797e-001
  1.4000000e-002  2.1872432e-001  1.4000000e-002  8.0283916e-001
  1.5000000e-002  3.0039307e-001  1.5000000e-002  7.7704091e-001
  1.6000000e-002  3.6884836e-001  1.6000000e-002  7.5000814e-001
  1.7000000e-002  4.2257024e-001  1.7000000e-002  7.2181921e-001
  1.8000000e-002  4.6056690e-001  1.8000000e-002  6.9255561e-001
  1.9000000e-002  4.8233848e-001  1.9000000e-002  6.6230174e-001
  2.0000000e-002  4.8787079e-001  2.0000000e-002  6.3114464e-001
  2.1000000e-002  4.7762499e-001  2.1000000e-002  5.9917365e-001
  2.2000000e-002  4.5251633e-001  2.2000000e-002  5.6648021e-001
  2.3000000e-002  4.1388029e-001  2.3000000e-002  5.3315751e-001
  2.4000000e-002  3.6342671e-001  2.4000000e-002  4.9930019e-001
  2.5000000e-002  3.0318371e-001  2.5000000e-002  4.6500412e-001
  2.6000000e-002  2.3543530e-001  2.6000000e-002  4.3036602e-001
  2.7000000e-002  1.6266506e-001  2.7000000e-002  3.9548324e-001
  2.8000000e-002  8.7588192e-002  2.8000000e-002  3.6045346e-001
  2.9000000e-002  1.6489943e-002  2.9000000e-002  3.2537447e-001
  3.0000000e-002  6.2837173e-002  3.0000000e-002  2.9034397e-001
  3.1000000e-002  1.3038920e-001  3.1000000e-002  2.5545945e-001
  3.2000000e-002  1.9142247e-001  3.2000000e-002  2.2081831e-001
  3.3000000e-002  2.4376169e-001  3.3000000e-002  1.8651834e-001
  3.4000000e-002  2.8583581e-001  3.4000000e-002  1.5265928e-001
  3.5000000e-002  3.1648718e-001  3.5000000e-002  1.1934716e-001
  3.6000000e-002  3.3497055e-001  3.6000000e-002  8.6708989e-002
  3.7000000e-002  3.4096100e-001  3.7000000e-002  5.4957014e-002
  3.8000000e-002  3.3455275e-001  3.8000000e-002  2.4920810e-002
  3.9000000e-002  3.1624592e-001  3.9000000e-002  1.3236025e-002
  4.0000000e-002  2.8692100e-001  4.0000000e-002  3.9012406e-002
  4.1000000e-002  2.4780191e-001  4.1000000e-002  6.6991280e-002
  4.2000000e-002  2.0040875e-001  4.2000000e-002  9.4280997e-002
  4.3000000e-002  1.4650221e-001  4.3000000e-002  1.2055500e-001
  4.4000000e-002  8.8021336e-002  4.4000000e-002  1.4568700e-001
  4.5000000e-002  2.7018867e-002  4.5000000e-002  1.6959620e-001
  4.6000000e-002  3.4428760e-002  4.6000000e-002  1.9221922e-001
  4.7000000e-002  9.4231895e-002  4.7000000e-002  2.1350247e-001
  4.8000000e-002  1.5043410e-001  4.8000000e-002  2.3339941e-001
  4.9000000e-002  2.0122125e-001  4.9000000e-002  2.5186958e-001
  5.0000000e-002  2.4499581e-001  5.0000000e-002  2.6887810e-001
  5.1000000e-002  2.8042482e-001  5.1000000e-002  2.8439551e-001
  5.2000000e-002  3.0647992e-001  5.2000000e-002  2.9839765e-001
  5.3000000e-002  3.2246701e-001  5.3000000e-002  3.1086565e-001
  5.4000000e-002  3.2804482e-001  5.4000000e-002  3.2178587e-001
  5.5000000e-002  3.2323204e-001  5.5000000e-002  3.3114991e-001
  5.6000000e-002  3.0840337e-001  5.6000000e-002  3.3895456e-001
  5.7000000e-002  2.8427572e-001  5.7000000e-002  3.4520175e-001
  5.8000000e-002  2.5188762e-001  5.8000000e-002  3.4989855e-001
  5.9000000e-002  2.1257933e-001  5.9000000e-002  3.5305704e-001
  6.0000000e-002  1.6799732e-001  6.0000000e-002  3.5469426e-001
  6.1000000e-002  1.2021867e-001  6.1000000e-002  3.5483211e-001
  6.2000000e-002  7.2582540e-002  6.2000000e-002  3.5349726e-001
  6.3000000e-002  3.7185818e-002  6.3000000e-002  3.5072097e-001
  6.4000000e-002  5.2596133e-002  6.4000000e-002  3.4653899e-001
  6.5000000e-002  9.3185601e-002  6.5000000e-002  3.4099141e-001
  6.6000000e-002  1.3350751e-001  6.6000000e-002  3.3412245e-001
  6.7000000e-002  1.6884188e-001  6.7000000e-002  3.2598031e-001
  6.8000000e-002  1.9730550e-001  6.8000000e-002  3.1661696e-001
  6.9000000e-002  2.1775876e-001  6.9000000e-002  3.0608796e-001
  7.0000000e-002  2.2949466e-001  7.0000000e-002  2.9445218e-001
  7.1000000e-002  2.3217282e-001  7.1000000e-002  2.8177165e-001
  7.2000000e-002  2.2580102e-001  7.2000000e-002  2.6811127e-001
  7.3000000e-002  2.1072569e-001  7.3000000e-002  2.5353859e-001
  7.4000000e-002  1.8762453e-001  7.4000000e-002  2.3812358e-001
  7.5000000e-002  1.5751050e-001  7.5000000e-002  2.2193836e-001
  7.6000000e-002  1.2179265e-001  7.6000000e-002  2.0505694e-001
  7.7000000e-002  8.2629107e-002  7.7000000e-002  1.8755506e-001
  7.8000000e-002  4.5463851e-002  7.8000000e-002  1.6950993e-001
  7.9000000e-002  3.6983373e-002  7.9000000e-002  1.5100008e-001
  8.0000000e-002  7.0513552e-002  8.0000000e-002  1.3210538e-001
  8.1000000e-002  1.1186778e-001  8.1000000e-002  1.1290724e-001
  8.2000000e-002  1.5189454e-001  8.2000000e-002  9.3489493e-002
  8.3000000e-002  1.8786627e-001  8.3000000e-002  7.3941162e-002
  8.4000000e-002  2.1814477e-001  8.4000000e-002  5.4365679e-002
  8.5000000e-002  2.4153143e-001  8.5000000e-002  3.4921700e-002
  8.6000000e-002  2.5715561e-001  8.6000000e-002  1.6155432e-002
  8.7000000e-002  2.6445788e-001  8.7000000e-002  8.3708408e-003
  8.8000000e-002  2.6319149e-001  8.8000000e-002  2.5004283e-002
  8.9000000e-002  2.5342350e-001  8.9000000e-002  4.3519371e-002
  9.0000000e-002  2.3553091e-001  9.0000000e-002  6.1915480e-002
  9.1000000e-002  2.1019252e-001  9.1000000e-002  7.9949643e-002
  9.2000000e-002  1.7838400e-001  9.2000000e-002  9.7513187e-002
  9.3000000e-002  1.4140264e-001  9.3000000e-002  1.1452758e-001
  9.4000000e-002  1.0103688e-001  9.4000000e-002  1.3092582e-001
  9.5000000e-002  6.0617697e-002  9.5000000e-002  1.4664739e-001
  9.6000000e-002  3.3974499e-002  9.6000000e-002  1.6163662e-001
  9.7000000e-002  5.3508876e-002  9.7000000e-002  1.7584207e-001
  9.8000000e-002  9.1924671e-002  9.8000000e-002  1.8921636e-001
  9.9000000e-002  1.3058475e-001  9.9000000e-002  2.0171607e-001
  1.0000000e-001  1.6558335e-001  1.0000000e-001  2.1330181e-001
  1.0100000e-001  1.9513408e-001  1.0100000e-001  2.2393830e-001
  1.0200000e-001  2.1804332e-001  1.0200000e-001  2.3359435e-001
  1.0300000e-001  2.3346637e-001  1.0300000e-001  2.4224303e-001
  1.0400000e-001  2.4085779e-001  1.0400000e-001  2.4986163e-001
  1.0500000e-001  2.3996111e-001  1.0500000e-001  2.5643177e-001
  1.0600000e-001  2.3080444e-001  1.0600000e-001  2.6193940e-001
  1.0700000e-001  2.1369275e-001  1.0700000e-001  2.6637486e-001
  1.0800000e-001  1.8919394e-001  1.0800000e-001  2.6973283e-001
  1.0900000e-001  1.5811812e-001  1.0900000e-001  2.7201240e-001
  1.1000000e-001  1.2149085e-001  1.1000000e-001  2.7321700e-001
  1.1100000e-001  8.0524926e-002  1.1100000e-001  2.7335439e-001
  1.1200000e-001  3.6633263e-002  1.1200000e-001  2.7243665e-001
  1.1300000e-001  1.0111873e-002  1.1300000e-001  2.7048008e-001
  1.1400000e-001  5.5082640e-002  1.1400000e-001  2.6750524e-001
  1.1500000e-001  9.9350568e-002  1.1500000e-001  2.6353680e-001
  1.1600000e-001  1.4086104e-001  1.1600000e-001  2.5860355e-001
  1.1700000e-001  1.7825221e-001  1.1700000e-001  2.5273835e-001
  1.1800000e-001  2.1032928e-001  1.1800000e-001  2.4597806e-001
  1.1900000e-001  2.3608445e-001  1.1900000e-001  2.3836359e-001
  1.2000000e-001  2.5472733e-001  1.2000000e-001  2.2993986e-001
  1.2100000e-001  2.6571058e-001  1.2100000e-001  2.2075595e-001
  1.2200000e-001  2.6874795e-001  1.2200000e-001  2.1086524e-001
  1.2300000e-001  2.6382397e-001  1.2300000e-001  2.0032570e-001
  1.2400000e-001  2.5119520e-001  1.2400000e-001  1.8920046e-001
  1.2500000e-001  2.3138416e-001  1.2500000e-001  1.7755857e-001
  1.2600000e-001  2.0516905e-001  1.2600000e-001  1.6547631e-001
  1.2700000e-001  1.7357763e-001  1.2700000e-001  1.5303932e-001
  1.2800000e-001  1.3791179e-001  1.2800000e-001  1.4034583e-001
  1.2900000e-001  9.9908433e-002  1.2900000e-001  1.2751210e-001
  1.3000000e-001  6.2632393e-002  1.3000000e-001  1.1468125e-001
  1.3100000e-001  3.6591740e-002  1.3100000e-001  1.0203798e-001
  1.3200000e-001  4.7623638e-002  1.3200000e-001  8.9833133e-002
  1.3300000e-001  7.9399060e-002  1.3300000e-001  7.8423632e-002
  1.3400000e-001  1.1255686e-001  1.3400000e-001  6.8330269e-002
  1.3500000e-001  1.4257374e-001  1.3500000e-001  6.0293412e-002
  1.3600000e-001  1.6772306e-001  1.3600000e-001  5.5232732e-002
  1.3700000e-001  1.8700858e-001  1.3700000e-001  5.3938293e-002
  1.3800000e-001  1.9980781e-001  1.3800000e-001  5.6554958e-002
  1.3900000e-001  2.0578633e-001  1.3900000e-001  6.2436753e-002
  1.4000000e-001  2.0487023e-001  1.4000000e-001  7.0590089e-002
  1.4100000e-001  1.9723204e-001  1.4100000e-001  8.0127681e-002
  1.4200000e-001  1.8327878e-001  1.4200000e-001  9.0408759e-002
  1.4300000e-001  1.6364177e-001  1.4300000e-001  1.0100144e-001
  1.4400000e-001  1.3917523e-001  1.4400000e-001  1.1161441e-001
  1.4500000e-001  1.1099128e-001  1.4500000e-001  1.2204486e-001
  1.4600000e-001  8.0645329e-002  1.4600000e-001  1.3214566e-001
  1.4700000e-001  5.1108619e-002  1.4700000e-001  1.4180553e-001
  1.4800000e-001  3.2577727e-002  1.4800000e-001  1.5093727e-001
  1.4900000e-001  4.4174491e-002  1.4900000e-001  1.5947065e-001
