  0.0000000e+000  1.0000000e+000  0.0000000e+000  1.0000000e+000
  1.0000000e-003  1.0046823e+000  1.0000000e-003  1.0014793e+000
  2.0000000e-003  9.9106439e-001  2.0000000e-003  1.0010102e+000
  3.0000000e-003  9.5955410e-001  3.0000000e-003  9.9859439e-001
  4.0000000e-003  9.1106809e-001  4.0000000e-003  9.9423926e-001
  5.0000000e-003  8.4699765e-001  5.0000000e-003  9.8795814e-001
  6.0000000e-003  7.6915830e-001  6.0000000e-003  9.7977013e-001
  7.0000000e-003  6.7972586e-001  7.0000000e-003  9.6969997e-001
  8.0000000e-003  5.8116301e-001  8.0000000e-003  9.5777798e-001
  9.0000000e-003  4.7614172e-001  9.0000000e-003  9.4403992e-001
  1.0000000e-002  3.6747096e-001  1.0000000e-002  9.2852681e-001
  1.1000000e-002  2.5805701e-001  1.1000000e-002  9.1128482e-001
  1.2000000e-002  1.5105051e-001  1.2000000e-002  8.9236508e-001
  1.3000000e-002  5.2585296e-002  1.3000000e-002  8.7182348e-001
  1.4000000e-002  5.8646900e-002  1.4000000e-002  8.4972047e-001
  1.5000000e-002  1.4234937e-001  1.5000000e-002  8.2612089e-001
  1.6000000e-002  2.1838537e-001  1.6000000e-002  8.0109369e-001
  1.7000000e-002  2.8260385e-001  1.7000000e-002  7.7471177e-001
  1.8000000e-002  3.3351808e-001  1.8000000e-002  7.4705170e-001
  1.9000000e-002  3.7028627e-001  1.9000000e-002  7.1819353e-001
  2.0000000e-002  3.9253028e-001  2.0000000e-002  6.8822052e-001
  2.1000000e-002  4.0029598e-001  2.1000000e-002  6.5721895e-001
  2.2000000e-002  3.9403277e-001  2.2000000e-002  6.2527785e-001
  2.3000000e-002  3.7457191e-001  2.3000000e-002  5.9248885e-001
  2.4000000e-002  3.4309970e-001  2.4000000e-002  5.5894596e-001
  2.5000000e-002  3.0112586e-001  2.5000000e-002  5.2474542e-001
  2.6000000e-002  2.5045171e-001  2.6000000e-002  4.8998563e-001
  2.7000000e-002  1.9315723e-001  2.7000000e-002  4.5476713e-001
  2.8000000e-002  1.3169707e-001  2.8000000e-002  4.1919273e-001
  2.9000000e-002  6.9837384e-002  2.9000000e-002  3.8336788e-001
  3.0000000e-002  2.9577251e-002  3.0000000e-002  3.4740144e-001
  3.1000000e-002  7.1793225e-002  3.1000000e-002  3.1140708e-001
  3.2000000e-002  1.2833513e-001  3.2000000e-002  2.7550603e-001
  3.3000000e-002  1.8091963e-001  3.3000000e-002  2.3983235e-001
  3.4000000e-002  2.2655148e-001  3.4000000e-002  2.0454353e-001
  3.5000000e-002  2.6359830e-001  3.5000000e-002  1.6984373e-001
  3.6000000e-002  2.9096804e-001  3.6000000e-002  1.3603955e-001
  3.7000000e-002  3.0799659e-001  3.7000000e-002  1.0369334e-001
  3.8000000e-002  3.1442551e-001  3.8000000e-002  7.4118287e-002
  3.9000000e-002  3.1039073e-001  3.9000000e-002  5.1159445e-002
  4.0000000e-002  2.9640684e-001  4.0000000e-002  4.4601127e-002
  4.1000000e-002  2.7334648e-001  4.1000000e-002  5.8786621e-002
  4.2000000e-002  2.4242158e-001  4.2000000e-002  8.2743803e-002
  4.3000000e-002  2.0518674e-001  4.3000000e-002  1.0943520e-001
  4.4000000e-002  1.6362633e-001  4.4000000e-002  1.3655433e-001
  4.5000000e-002  1.2055198e-001  4.5000000e-002  1.6325649e-001
  4.6000000e-002  8.1324115e-002  4.6000000e-002  1.8915336e-001
  4.7000000e-002  6.0087508e-002  4.7000000e-002  2.1402786e-001
  4.8000000e-002  7.3785200e-002  4.8000000e-002  2.3773893e-001
  4.9000000e-002  1.0685372e-001  4.9000000e-002  2.6018455e-001
  5.0000000e-002  1.4264377e-001  5.0000000e-002  2.8128558e-001
  5.1000000e-002  1.7535025e-001  5.1000000e-002  3.0097791e-001
  5.2000000e-002  2.0259370e-001  5.2000000e-002  3.1920850e-001
  5.3000000e-002  2.2311963e-001  5.3000000e-002  3.3593314e-001
  5.4000000e-002  2.3624367e-001  5.4000000e-002  3.5111524e-001
  5.5000000e-002  2.4169508e-001  5.5000000e-002  3.6472506e-001
  5.6000000e-002  2.3956877e-001  5.6000000e-002  3.7673930e-001
  5.7000000e-002  2.3031686e-001  5.7000000e-002  3.8714079e-001
  5.8000000e-002  2.1476620e-001  5.8000000e-002  3.9591831e-001
  5.9000000e-002  1.9417334e-001  5.9000000e-002  4.0306648e-001
  6.0000000e-002  1.7035220e-001  6.0000000e-002  4.0858563e-001
  6.1000000e-002  1.4593792e-001  6.1000000e-002  4.1248177e-001
  6.2000000e-002  1.2480260e-001  6.2000000e-002  4.1476645e-001
  6.3000000e-002  1.1209425e-001  6.3000000e-002  4.1545671e-001
  6.4000000e-002  1.1206607e-001  6.4000000e-002  4.1457500e-001
  6.5000000e-002  1.2409185e-001  6.5000000e-002  4.1214907e-001
  6.6000000e-002  1.4321365e-001  6.6000000e-002  4.0821186e-001
  6.7000000e-002  1.6429876e-001  6.7000000e-002  4.0280139e-001
  6.8000000e-002  1.8375600e-001  6.8000000e-002  3.9596061e-001
  6.9000000e-002  1.9929768e-001  6.9000000e-002  3.8773727e-001
  7.0000000e-002  2.0949133e-001  7.0000000e-002  3.7818377e-001
  7.1000000e-002  2.1349049e-001  7.1000000e-002  3.6735695e-001
  7.2000000e-002  2.1089632e-001  7.2000000e-002  3.5531800e-001
  7.3000000e-002  2.0168283e-001  7.3000000e-002  3.4213221e-001
  7.4000000e-002  1.8614982e-001  7.4000000e-002  3.2786887e-001
  7.5000000e-002  1.6488878e-001  7.5000000e-002  3.1260108e-001
  7.6000000e-002  1.3876248e-001  7.6000000e-002  2.9640569e-001
  7.7000000e-002  1.0892361e-001  7.7000000e-002  2.7936318e-001
  7.8000000e-002  7.6997513e-002  7.8000000e-002  2.6155779e-001
  7.9000000e-002  4.6225206e-002  7.9000000e-002  2.4307767e-001
  8.0000000e-002  2.9453732e-002  8.0000000e-002  2.2401538e-001
  8.1000000e-002  4.6358466e-002  8.1000000e-002  2.0446888e-001
  8.2000000e-002  7.5291708e-002  8.2000000e-002  1.8454328e-001
  8.3000000e-002  1.0406094e-001  8.3000000e-002  1.6435427e-001
  8.4000000e-002  1.2975766e-001  8.4000000e-002  1.4403448e-001
  8.5000000e-002  1.5107323e-001  8.5000000e-002  1.2374636e-001
  8.6000000e-002  1.6720488e-001  8.6000000e-002  1.0370938e-001
  8.7000000e-002  1.7766054e-001  8.7000000e-002  8.4262667e-002
  8.8000000e-002  1.8221916e-001  8.8000000e-002  6.6021762e-002
  8.9000000e-002  1.8093098e-001  8.9000000e-002  5.0289791e-002
  9.0000000e-002  1.7413627e-001  9.0000000e-002  3.9924459e-002
  9.1000000e-002  1.6250620e-001  9.1000000e-002  3.9028144e-002
  9.2000000e-002  1.4712598e-001  9.2000000e-002  4.7682837e-002
  9.3000000e-002  1.2966140e-001  9.3000000e-002  6.1567071e-002
  9.4000000e-002  1.1265675e-001  9.4000000e-002  7.7513757e-002
  9.5000000e-002  9.9840831e-002  9.5000000e-002  9.4088799e-002
  9.6000000e-002  9.5531424e-002  9.6000000e-002  1.1063948e-001
  9.7000000e-002  1.0187855e-001  9.7000000e-002  1.2682640e-001
  9.8000000e-002  1.1677257e-001  9.8000000e-002  1.4244625e-001
  9.9000000e-002  1.3604505e-001  9.9000000e-002  1.5736188e-001
  1.0000000e-001  1.5608556e-001  1.0000000e-001  1.7147212e-001
  1.0100000e-001  1.7437156e-001  1.0100000e-001  1.8469759e-001
  1.0200000e-001  1.8918990e-001  1.0200000e-001  1.9697358e-001
  1.0300000e-001  1.9937315e-001  1.0300000e-001  2.0824616e-001
  1.0400000e-001  2.0415454e-001  1.0400000e-001  2.1847006e-001
  1.0500000e-001  2.0309565e-001  1.0500000e-001  2.2760735e-001
  1.0600000e-001  1.9604790e-001  1.0600000e-001  2.3562669e-001
  1.0700000e-001  1.8312699e-001  1.0700000e-001  2.4250280e-001
  1.0800000e-001  1.6469096e-001  1.0800000e-001  2.4821618e-001
  1.0900000e-001  1.4131920e-001  1.0900000e-001  2.5275280e-001
  1.1000000e-001  1.1379790e-001  1.1000000e-001  2.5610399e-001
  1.1100000e-001  8.3140848e-002  1.1100000e-001  2.5826628e-001
  1.1200000e-001  5.0828893e-002  1.1200000e-001  2.5924125e-001
  1.1300000e-001  2.1692225e-002  1.1300000e-001  2.5903547e-001
  1.1400000e-001  2.8328938e-002  1.1400000e-001  2.5766033e-001
  1.1500000e-001  5.9230627e-002  1.1500000e-001  2.5513203e-001
  1.1600000e-001  9.0730205e-002  1.1600000e-001  2.5147138e-001
  1.1700000e-001  1.1993256e-001  1.1700000e-001  2.4670379e-001
  1.1800000e-001  1.4566150e-001  1.1800000e-001  2.4085914e-001
  1.1900000e-001  1.6710003e-001  1.1900000e-001  2.3397175e-001
  1.2000000e-001  1.8363938e-001  1.2000000e-001  2.2608033e-001
  1.2100000e-001  1.9485459e-001  1.2100000e-001  2.1722798e-001
  1.2200000e-001  2.0050165e-001  1.2200000e-001  2.0746230e-001
  1.2300000e-001  2.0051761e-001  1.2300000e-001  1.9683558e-001
  1.2400000e-001  1.9501896e-001  1.2400000e-001  1.8540519e-001
  1.2500000e-001  1.8429766e-001  1.2500000e-001  1.7323425e-001
  1.2600000e-001  1.6881554e-001  1.2600000e-001  1.6039286e-001
  1.2700000e-001  1.4920008e-001  1.2700000e-001  1.4696013e-001
  1.2800000e-001  1.2624999e-001  1.2800000e-001  1.3302788e-001
  1.2900000e-001  1.0097646e-001  1.2900000e-001  1.1870723e-001
  1.3000000e-001  7.4776773e-002  1.3000000e-001  1.0414112e-001
  1.3100000e-001  5.0184614e-002  1.3100000e-001  8.9529289e-002
  1.3200000e-001  3.4122137e-002  1.3200000e-001  7.5180646e-002
  1.3300000e-001  3.8690957e-002  1.3300000e-001  6.1628629e-002
  1.3400000e-001  5.7273210e-002  1.3400000e-001  4.9879859e-002
  1.3500000e-001  7.8193246e-002  1.3500000e-001  4.1807055e-002
  1.3600000e-001  9.7445855e-002  1.3600000e-001  3.9931377e-002
  1.3700000e-001  1.1353057e-001  1.3700000e-001  4.5119297e-002
  1.3800000e-001  1.2569189e-001  1.3800000e-001  5.5406802e-002
  1.3900000e-001  1.3352585e-001  1.3900000e-001  6.8455254e-002
  1.4000000e-001  1.3687195e-001  1.4000000e-001  8.2851907e-002
  1.4100000e-001  1.3577405e-001  1.4100000e-001  9.7858096e-002
  1.4200000e-001  1.3045897e-001  1.4200000e-001  1.1306863e-001
  1.4300000e-001  1.2131948e-001  1.4300000e-001  1.2823719e-001
  1.4400000e-001  1.0889924e-001  1.4400000e-001  1.4319719e-001
  1.4500000e-001  9.3883991e-002  1.4500000e-001  1.5782507e-001
  1.4600000e-001  7.7113941e-002  1.4600000e-001  1.7202238e-001
  1.4700000e-001  5.9664194e-002  1.4700000e-001  1.8570652e-001
  1.4800000e-001  4.3156903e-002  1.4800000e-001  1.9880575e-001
  1.4900000e-001  3.0798402e-002  1.4900000e-001  2.1125631e-001
