  0.0000000e+000  1.0000000e+000  0.0000000e+000  1.0000000e+000
  1.0000000e-003  1.0026807e+000  1.0000000e-003  9.9945089e-001
  2.0000000e-003  9.8687259e-001  2.0000000e-003  9.9697428e-001
  3.0000000e-003  9.5303416e-001  3.0000000e-003  9.9257581e-001
  4.0000000e-003  9.0211381e-001  4.0000000e-003  9.8626679e-001
  5.0000000e-003  8.3552423e-001  5.0000000e-003  9.7806410e-001
  6.0000000e-003  7.5510326e-001  6.0000000e-003  9.6799022e-001
  7.0000000e-003  6.6306284e-001  7.0000000e-003  9.5607311e-001
  8.0000000e-003  5.6192986e-001  8.0000000e-003  9.4234620e-001
  9.0000000e-003  4.5448712e-001  9.0000000e-003  9.2684824e-001
  1.0000000e-002  3.4373809e-001  1.0000000e-002  9.0962322e-001
  1.1000000e-002  2.3299531e-001  1.1000000e-002  8.9072023e-001
  1.2000000e-002  1.2680823e-001  1.2000000e-002  8.7019333e-001
  1.3000000e-002  4.6271892e-002  1.3000000e-002  8.4810134e-001
  1.4000000e-002  9.4279109e-002  1.4000000e-002  8.2450773e-001
  1.5000000e-002  1.7637628e-001  1.5000000e-002  7.9948037e-001
  1.6000000e-002  2.5029050e-001  1.6000000e-002  7.7309134e-001
  1.7000000e-002  3.1168566e-001  1.7000000e-002  7.4541671e-001
  1.8000000e-002  3.5886656e-001  1.8000000e-002  7.1653627e-001
  1.9000000e-002  3.9095888e-001  1.9000000e-002  6.8653331e-001
  2.0000000e-002  4.0765697e-001  2.0000000e-002  6.5549435e-001
  2.1000000e-002  4.0915744e-001  2.1000000e-002  6.2350883e-001
  2.2000000e-002  3.9612438e-001  2.2000000e-002  5.9066889e-001
  2.3000000e-002  3.6965798e-001  2.3000000e-002  5.5706897e-001
  2.4000000e-002  3.3126394e-001  2.4000000e-002  5.2280562e-001
  2.5000000e-002  2.8283395e-001  2.5000000e-002  4.8797710e-001
  2.6000000e-002  2.2667649e-001  2.6000000e-002  4.5268311e-001
  2.7000000e-002  1.6575543e-001  2.7000000e-002  4.1702446e-001
  2.8000000e-002  1.0501562e-001  2.8000000e-002  3.8110276e-001
  2.9000000e-002  6.0526808e-002  2.9000000e-002  3.4502010e-001
  3.0000000e-002  7.5606299e-002  3.0000000e-002  3.0887877e-001
  3.1000000e-002  1.2750774e-001  3.1000000e-002  2.7278101e-001
  3.2000000e-002  1.8242354e-001  3.2000000e-002  2.3682878e-001
  3.3000000e-002  2.3237143e-001  3.3000000e-002  2.0112379e-001
  3.4000000e-002  2.7433977e-001  3.4000000e-002  1.6576774e-001
  3.5000000e-002  3.0657227e-001  3.5000000e-002  1.3086376e-001
  3.6000000e-002  3.2794465e-001  3.6000000e-002  9.6521083e-002
  3.7000000e-002  3.3782028e-001  3.7000000e-002  6.2875626e-002
  3.8000000e-002  3.3600643e-001  3.8000000e-002  3.0243165e-002
  3.9000000e-002  3.2273222e-001  3.9000000e-002  7.5757757e-003
  4.0000000e-002  2.9862725e-001  4.0000000e-002  3.4927484e-002
  4.1000000e-002  2.6469672e-001  4.1000000e-002  6.4994465e-002
  4.2000000e-002  2.2229818e-001  4.2000000e-002  9.4227137e-002
  4.3000000e-002  1.7314593e-001  4.3000000e-002  1.2239556e-001
  4.4000000e-002  1.1946800e-001  4.4000000e-002  1.4939608e-001
  4.5000000e-002  6.5290292e-002  4.5000000e-002  1.7515171e-001
  4.6000000e-002  3.3510409e-002  4.6000000e-002  1.9959663e-001
  4.7000000e-002  7.1431580e-002  4.7000000e-002  2.2267227e-001
  4.8000000e-002  1.2459765e-001  4.8000000e-002  2.4432608e-001
  4.9000000e-002  1.7579665e-001  4.9000000e-002  2.6451113e-001
  5.0000000e-002  2.2173949e-001  5.0000000e-002  2.8318597e-001
  5.1000000e-002  2.6065377e-001  5.1000000e-002  3.0031458e-001
  5.2000000e-002  2.9130042e-001  5.2000000e-002  3.1586644e-001
  5.3000000e-002  3.1282717e-001  5.3000000e-002  3.2981652e-001
  5.4000000e-002  3.2474130e-001  5.4000000e-002  3.4214529e-001
  5.5000000e-002  3.2690278e-001  5.5000000e-002  3.5283881e-001
  5.6000000e-002  3.1951711e-001  5.6000000e-002  3.6188862e-001
  5.7000000e-002  3.0312351e-001  5.7000000e-002  3.6929183e-001
  5.8000000e-002  2.7857955e-001  5.8000000e-002  3.7505101e-001
  5.9000000e-002  2.4704829e-001  5.9000000e-002  3.7917416e-001
  6.0000000e-002  2.1000402e-001  6.0000000e-002  3.8167465e-001
  6.1000000e-002  1.6930298e-001  6.1000000e-002  3.8257114e-001
  6.2000000e-002  1.2747731e-001  6.2000000e-002  3.8188742e-001
  6.3000000e-002  8.8878044e-002  6.3000000e-002  3.7965237e-001
  6.4000000e-002  6.3618020e-002  6.4000000e-002  3.7589973e-001
  6.5000000e-002  6.7168175e-002  6.5000000e-002  3.7066801e-001
  6.6000000e-002  9.2476565e-002  6.6000000e-002  3.6400030e-001
  6.7000000e-002  1.2249155e-001  6.7000000e-002  3.5594407e-001
  6.8000000e-002  1.4988390e-001  6.8000000e-002  3.4655099e-001
  6.9000000e-002  1.7176097e-001  6.9000000e-002  3.3587670e-001
  7.0000000e-002  1.8669618e-001  7.0000000e-002  3.2398059e-001
  7.1000000e-002  1.9394234e-001  7.1000000e-002  3.1092560e-001
  7.2000000e-002  1.9320099e-001  7.2000000e-002  2.9677792e-001
  7.3000000e-002  1.8453753e-001  7.3000000e-002  2.8160681e-001
  7.4000000e-002  1.6833693e-001  7.4000000e-002  2.6548426e-001
  7.5000000e-002  1.4526856e-001  7.5000000e-002  2.4848482e-001
  7.6000000e-002  1.1624956e-001  7.6000000e-002  2.3068531e-001
  7.7000000e-002  8.2403782e-002  7.7000000e-002  2.1216456e-001
  7.8000000e-002  4.5016686e-002  7.8000000e-002  1.9300320e-001
  7.9000000e-002  5.5467800e-003  7.9000000e-002  1.7328351e-001
  8.0000000e-002  3.4798373e-002  8.0000000e-002  1.5308927e-001
  8.1000000e-002  7.4293947e-002  8.1000000e-002  1.3250593e-001
  8.2000000e-002  1.1165245e-001  8.2000000e-002  1.1162111e-001
  8.3000000e-002  1.4557530e-001  8.3000000e-002  9.0526373e-002
  8.4000000e-002  1.7491453e-001  8.4000000e-002  6.9322672e-002
  8.5000000e-002  1.9870870e-001  8.5000000e-002  4.8140978e-002
  8.6000000e-002  2.1621340e-001  8.6000000e-002  2.7258760e-002
  8.7000000e-002  2.2692330e-001  8.7000000e-002  8.9584875e-003
  8.8000000e-002  2.3058526e-001  8.8000000e-002  1.7708364e-002
  8.9000000e-002  2.2720224e-001  8.9000000e-002  3.7605351e-002
  9.0000000e-002  2.1702837e-001  9.0000000e-002  5.7797459e-002
  9.1000000e-002  2.0055616e-001  9.1000000e-002  7.7714893e-002
  9.2000000e-002  1.7849708e-001  9.2000000e-002  9.7198411e-002
  9.3000000e-002  1.5175844e-001  9.3000000e-002  1.1615080e-001
  9.4000000e-002  1.2142320e-001  9.4000000e-002  1.3449344e-001
  9.5000000e-002  8.8756964e-002  9.5000000e-002  1.5215635e-001
  9.6000000e-002  5.5374119e-002  9.6000000e-002  1.6907516e-001
  9.7000000e-002  2.5010237e-002  9.7000000e-002  1.8519002e-001
  9.8000000e-002  2.3009678e-002  9.8000000e-002  2.0044522e-001
  9.9000000e-002  4.9315314e-002  9.9000000e-002  2.1478911e-001
  1.0000000e-001  7.5716791e-002  1.0000000e-001  2.2817407e-001
  1.0100000e-001  9.8375459e-002  1.0100000e-001  2.4055658e-001
  1.0200000e-001  1.1608058e-001  1.0200000e-001  2.5189729e-001
  1.0300000e-001  1.2812404e-001  1.0300000e-001  2.6216110e-001
  1.0400000e-001  1.3409135e-001  1.0400000e-001  2.7131724e-001
  1.0500000e-001  1.3383074e-001  1.0500000e-001  2.7933931e-001
  1.0600000e-001  1.2745386e-001  1.0600000e-001  2.8620538e-001
  1.0700000e-001  1.1535044e-001  1.0700000e-001  2.9189798e-001
  1.0800000e-001  9.8233761e-002  1.0800000e-001  2.9640416e-001
  1.0900000e-001  7.7300815e-002  1.0900000e-001  2.9971550e-001
  1.1000000e-001  5.4895108e-002  1.1000000e-001  3.0182810e-001
  1.1100000e-001  3.7580576e-002  1.1100000e-001  3.0274260e-001
  1.1200000e-001  4.0421754e-002  1.1200000e-001  3.0246409e-001
  1.1300000e-001  6.2276165e-002  1.1300000e-001  3.0100211e-001
  1.1400000e-001  8.9702839e-002  1.1400000e-001  2.9837059e-001
  1.1500000e-001  1.1725400e-001  1.1500000e-001  2.9458779e-001
  1.1600000e-001  1.4266486e-001  1.1600000e-001  2.8967616e-001
  1.1700000e-001  1.6454820e-001  1.1700000e-001  2.8366234e-001
  1.1800000e-001  1.8190007e-001  1.1800000e-001  2.7657696e-001
  1.1900000e-001  1.9398425e-001  1.1900000e-001  2.6845461e-001
  1.2000000e-001  2.0030575e-001  1.2000000e-001  2.5933367e-001
  1.2100000e-001  2.0060638e-001  1.2100000e-001  2.4925620e-001
  1.2200000e-001  1.9486352e-001  1.2200000e-001  2.3826787e-001
  1.2300000e-001  1.8328661e-001  1.2300000e-001  2.2641780e-001
  1.2400000e-001  1.6631097e-001  1.2400000e-001  2.1375854e-001
  1.2500000e-001  1.4459319e-001  1.2500000e-001  2.0034600e-001
  1.2600000e-001  1.1902256e-001  1.2600000e-001  1.8623954e-001
  1.2700000e-001  9.0800620e-002  1.2700000e-001  1.7150222e-001
  1.2800000e-001  6.1834972e-002  1.2800000e-001  1.5620123e-001
  1.2900000e-001  3.7021004e-002  1.2900000e-001  1.4040895e-001
  1.3000000e-001  3.2913523e-002  1.3000000e-001  1.2420500e-001
  1.3100000e-001  5.3568282e-002  1.3100000e-001  1.0768045e-001
  1.3200000e-001  7.9790790e-002  1.3200000e-001  9.0947002e-002
  1.3300000e-001  1.0486139e-001  1.3300000e-001  7.4159087e-002
  1.3400000e-001  1.2667292e-001  1.3400000e-001  5.7573816e-002
  1.3500000e-001  1.4412122e-001  1.3500000e-001  4.1744913e-002
  1.3600000e-001  1.5649795e-001  1.3600000e-001  2.8274411e-002
  1.3700000e-001  1.6336056e-001  1.3700000e-001  2.2172785e-002
  1.3800000e-001  1.6449921e-001  1.3800000e-001  2.8565054e-002
  1.3900000e-001  1.5992706e-001  1.3900000e-001  4.1947709e-002
  1.4000000e-001  1.4987537e-001  1.4000000e-001  5.7449676e-002
  1.4100000e-001  1.3479011e-001  1.4100000e-001  7.3536056e-002
  1.4200000e-001  1.1533486e-001  1.4200000e-001  8.9674871e-002
  1.4300000e-001  9.2422745e-002  1.4300000e-001  1.0562024e-001
  1.4400000e-001  6.7374698e-002  1.4400000e-001  1.2122677e-001
  1.4500000e-001  4.2752695e-002  1.4500000e-001  1.3639177e-001
  1.4600000e-001  2.7375800e-002  1.4600000e-001  1.5103385e-001
  1.4700000e-001  3.7548823e-002  1.4700000e-001  1.6508390e-001
  1.4800000e-001  6.0561172e-002  1.4800000e-001  1.7848099e-001
  1.4900000e-001  8.4609164e-002  1.4900000e-001  1.9117025e-001
