  0.0000000e+000  1.0000000e+000  0.0000000e+000  1.0000000e+000
  1.0000000e-003  9.8656710e-001  1.0000000e-003  9.9929896e-001
  2.0000000e-003  9.5631458e-001  2.0000000e-003  9.9645200e-001
  3.0000000e-003  9.1011007e-001  3.0000000e-003  9.9146989e-001
  4.0000000e-003  8.4923055e-001  4.0000000e-003  9.8437013e-001
  5.0000000e-003  7.7532341e-001  5.0000000e-003  9.7517683e-001
  6.0000000e-003  6.9035807e-001  6.0000000e-003  9.6392069e-001
  7.0000000e-003  5.9656961e-001  7.0000000e-003  9.5063890e-001
  8.0000000e-003  4.9639633e-001  8.0000000e-003  9.3537506e-001
  9.0000000e-003  3.9241400e-001  9.0000000e-003  9.1817901e-001
  1.0000000e-002  2.8727248e-001  1.0000000e-002  8.9910676e-001
  1.1000000e-002  1.8365721e-001  1.1000000e-002  8.7822027e-001
  1.2000000e-002  8.4481162e-002  1.2000000e-002  8.5558737e-001
  1.3000000e-002  1.8128747e-002  1.3000000e-002  8.3128154e-001
  1.4000000e-002  9.6648668e-002  1.4000000e-002  8.0538174e-001
  1.5000000e-002  1.7089570e-001  1.5000000e-002  7.7797228e-001
  1.6000000e-002  2.3357724e-001  1.6000000e-002  7.4914264e-001
  1.7000000e-002  2.8328698e-001  1.7000000e-002  7.1898734e-001
  1.8000000e-002  3.1920780e-001  1.8000000e-002  6.8760582e-001
  1.9000000e-002  3.4098032e-001  1.9000000e-002  6.5510242e-001
  2.0000000e-002  3.4868568e-001  2.0000000e-002  6.2158642e-001
  2.1000000e-002  3.4283414e-001  2.1000000e-002  5.8717213e-001
  2.2000000e-002  3.2434764e-001  2.2000000e-002  5.5197931e-001
  2.3000000e-002  2.9453821e-001  2.3000000e-002  5.1613374e-001
  2.4000000e-002  2.5509329e-001  2.4000000e-002  4.7976830e-001
  2.5000000e-002  2.0810246e-001  2.5000000e-002  4.4302465e-001
  2.6000000e-002  1.5625542e-001  2.6000000e-002  4.0605609e-001
  2.7000000e-002  1.0385305e-001  2.7000000e-002  3.6903212e-001
  2.8000000e-002  6.2758893e-002  2.8000000e-002  3.3214612e-001
  2.9000000e-002  6.6197109e-002  2.9000000e-002  2.9562834e-001
  3.0000000e-002  1.0768927e-001  3.0000000e-002  2.5976872e-001
  3.1000000e-002  1.5545903e-001  3.1000000e-002  2.2495830e-001
  3.2000000e-002  2.0005005e-001  3.2000000e-002  1.9176618e-001
  3.3000000e-002  2.3819421e-001  3.3000000e-002  1.6108436e-001
  3.4000000e-002  2.6813451e-001  3.4000000e-002  1.3438342e-001
  3.5000000e-002  2.8878944e-001  3.5000000e-002  1.1404257e-001
  3.6000000e-002  2.9955423e-001  3.6000000e-002  1.0323798e-001
  3.7000000e-002  3.0023968e-001  3.7000000e-002  1.0420208e-001
  3.8000000e-002  2.9104619e-001  3.8000000e-002  1.1585728e-001
  3.9000000e-002  2.7254870e-001  3.9000000e-002  1.3471391e-001
  4.0000000e-002  2.4569161e-001  4.0000000e-002  1.5750949e-001
  4.1000000e-002  2.1181103e-001  4.1000000e-002  1.8212059e-001
  4.2000000e-002  1.7274497e-001  4.2000000e-002  2.0729800e-001
  4.3000000e-002  1.3124829e-001  4.3000000e-002  2.3229904e-001
  4.4000000e-002  9.2589279e-002  4.4000000e-002  2.5665908e-001
  4.5000000e-002  6.9743244e-002  4.5000000e-002  2.8006938e-001
  4.6000000e-002  8.0017206e-002  4.6000000e-002  3.0231272e-001
  4.7000000e-002  1.1310106e-001  4.7000000e-002  3.2322873e-001
  4.8000000e-002  1.5168470e-001  4.8000000e-002  3.4269457e-001
  4.9000000e-002  1.8856058e-001  4.9000000e-002  3.6061363e-001
  5.0000000e-002  2.2061681e-001  5.0000000e-002  3.7690881e-001
  5.1000000e-002  2.4611393e-001  5.1000000e-002  3.9151830e-001
  5.2000000e-002  2.6396661e-001  5.2000000e-002  4.0439294e-001
  5.3000000e-002  2.7353486e-001  5.3000000e-002  4.1549438e-001
  5.4000000e-002  2.7455290e-001  5.4000000e-002  4.2479396e-001
  5.5000000e-002  2.6709768e-001  5.5000000e-002  4.3227184e-001
  5.6000000e-002  2.5156752e-001  5.6000000e-002  4.3791636e-001
  5.7000000e-002  2.2866263e-001  5.7000000e-002  4.4172367e-001
  5.8000000e-002  1.9936902e-001  5.8000000e-002  4.4369731e-001
  5.9000000e-002  1.6496071e-001  5.9000000e-002  4.4384793e-001
  6.0000000e-002  1.2707578e-001  6.0000000e-002  4.4219307e-001
  6.1000000e-002  8.8115084e-002  6.1000000e-002  4.3875691e-001
  6.2000000e-002  5.3466652e-002  6.2000000e-002  4.3357007e-001
  6.3000000e-002  4.1651879e-002  6.3000000e-002  4.2666937e-001
  6.4000000e-002  6.4688799e-002  6.4000000e-002  4.1809771e-001
  6.5000000e-002  9.7676645e-002  6.5000000e-002  4.0790377e-001
  6.6000000e-002  1.2956946e-001  6.6000000e-002  3.9614190e-001
  6.7000000e-002  1.5721714e-001  6.7000000e-002  3.8287188e-001
  6.8000000e-002  1.7914836e-001  6.8000000e-002  3.6815875e-001
  6.9000000e-002  1.9449558e-001  6.9000000e-002  3.5207263e-001
  7.0000000e-002  2.0276332e-001  7.0000000e-002  3.3468864e-001
  7.1000000e-002  2.0376144e-001  7.1000000e-002  3.1608676e-001
  7.2000000e-002  1.9757696e-001  7.2000000e-002  2.9635190e-001
  7.3000000e-002  1.8455388e-001  7.3000000e-002  2.7557405e-001
  7.4000000e-002  1.6527187e-001  7.4000000e-002  2.5384879e-001
  7.5000000e-002  1.4052248e-001  7.5000000e-002  2.3127821e-001
  7.6000000e-002  1.1128579e-001  7.6000000e-002  2.0797287e-001
  7.7000000e-002  7.8725121e-002  7.7000000e-002  1.8405554e-001
  7.8000000e-002  4.4326200e-002  7.8000000e-002  1.5966881e-001
  7.9000000e-002  1.3230112e-002  7.9000000e-002  1.3499163e-001
  8.0000000e-002  3.1148294e-002  8.0000000e-002  1.1027839e-001
  8.1000000e-002  6.4319132e-002  8.1000000e-002  8.5963723e-002
  8.2000000e-002  9.5640346e-002  8.2000000e-002  6.2990606e-002
  8.3000000e-002  1.2345086e-001  8.3000000e-002  4.3982737e-002
  8.4000000e-002  1.4674905e-001  8.4000000e-002  3.6161433e-002
  8.5000000e-002  1.6479351e-001  8.5000000e-002  4.5651895e-002
  8.6000000e-002  1.7707509e-001  8.6000000e-002  6.5113487e-002
  8.7000000e-002  1.8332615e-001  8.7000000e-002  8.7922535e-002
  8.8000000e-002  1.8353467e-001  8.8000000e-002  1.1176882e-001
  8.9000000e-002  1.7795984e-001  8.9000000e-002  1.3580728e-001
  9.0000000e-002  1.6715383e-001  9.0000000e-002  1.5964265e-001
  9.1000000e-002  1.5200361e-001  9.1000000e-002  1.8304358e-001
  9.2000000e-002  1.3382260e-001  9.2000000e-002  2.0584952e-001
  9.3000000e-002  1.1454987e-001  9.3000000e-002  2.2793545e-001
  9.4000000e-002  9.7114934e-002  9.4000000e-002  2.4919668e-001
  9.5000000e-002  8.5697489e-002  9.5000000e-002  2.6954179e-001
  9.6000000e-002  8.4376157e-002  9.6000000e-002  2.8888901e-001
  9.7000000e-002  9.3483113e-002  9.7000000e-002  3.0716438e-001
  9.8000000e-002  1.0916828e-001  9.8000000e-002  3.2430073e-001
  9.9000000e-002  1.2708001e-001  9.9000000e-002  3.4023707e-001
  1.0000000e-001  1.4416900e-001  1.0000000e-001  3.5491837e-001
  1.0100000e-001  1.5851158e-001  1.0100000e-001  3.6829536e-001
  1.0200000e-001  1.6889406e-001  1.0200000e-001  3.8032448e-001
  1.0300000e-001  1.7456784e-001  1.0300000e-001  3.9096784e-001
  1.0400000e-001  1.7512864e-001  1.0400000e-001  4.0019323e-001
  1.0500000e-001  1.7045594e-001  1.0500000e-001  4.0797412e-001
  1.0600000e-001  1.6067930e-001  1.0600000e-001  4.1428967e-001
  1.0700000e-001  1.4615792e-001  1.0700000e-001  4.1912472e-001
  1.0800000e-001  1.2747188e-001  1.0800000e-001  4.2246979e-001
  1.0900000e-001  1.0543900e-001  1.0900000e-001  4.2432105e-001
  1.1000000e-001  8.1215838e-002  1.1000000e-001  4.2468028e-001
  1.1100000e-001  5.6745862e-002  1.1100000e-001  4.2355479e-001
  1.1200000e-001  3.6896735e-002  1.1200000e-001  4.2095739e-001
  1.1300000e-001  3.4383971e-002  1.1300000e-001  4.1690627e-001
  1.1400000e-001  5.1177335e-002  1.1400000e-001  4.1142491e-001
  1.1500000e-001  7.3460202e-002  1.1500000e-001  4.0454194e-001
  1.1600000e-001  9.5231803e-002  1.1600000e-001  3.9629101e-001
  1.1700000e-001  1.1439933e-001  1.1700000e-001  3.8671062e-001
  1.1800000e-001  1.2989602e-001  1.1800000e-001  3.7584398e-001
  1.1900000e-001  1.4106744e-001  1.1900000e-001  3.6373877e-001
  1.2000000e-001  1.4752443e-001  1.2000000e-001  3.5044700e-001
  1.2100000e-001  1.4910185e-001  1.2100000e-001  3.3602474e-001
  1.2200000e-001  1.4584551e-001  1.2200000e-001  3.2053196e-001
  1.2300000e-001  1.3800728e-001  1.2300000e-001  3.0403221e-001
  1.2400000e-001  1.2604562e-001  1.2400000e-001  2.8659245e-001
  1.2500000e-001  1.1063866e-001  1.2500000e-001  2.6828277e-001
  1.2600000e-001  9.2735646e-002  1.2600000e-001  2.4917615e-001
  1.2700000e-001  7.3724573e-002  1.2700000e-001  2.2934821e-001
  1.2800000e-001  5.5949529e-002  1.2800000e-001  2.0887698e-001
  1.2900000e-001  4.3942208e-002  1.2900000e-001  1.8784275e-001
  1.3000000e-001  4.3793108e-002  1.3000000e-001  1.6632794e-001
  1.3100000e-001  5.4809253e-002  1.3100000e-001  1.4441719e-001
  1.3200000e-001  7.0400383e-002  1.3200000e-001  1.2219792e-001
  1.3300000e-001  8.6234209e-002  1.3300000e-001  9.9761965e-002
  1.3400000e-001  1.0028269e-001  1.3400000e-001  7.7210710e-002
  1.3500000e-001  1.1152872e-001  1.3500000e-001  5.4673569e-002
  1.3600000e-001  1.1944983e-001  1.3600000e-001  3.2403687e-002
  1.3700000e-001  1.2384659e-001  1.3700000e-001  1.1959506e-002
  1.3800000e-001  1.2478632e-001  1.3800000e-001  1.5885904e-002
  1.3900000e-001  1.2258912e-001  1.3900000e-001  3.6707596e-002
  1.4000000e-001  1.1783335e-001  1.4000000e-001  5.8170256e-002
  1.4100000e-001  1.1137069e-001  1.4100000e-001  7.9396113e-002
  1.4200000e-001  1.0433452e-001  1.4200000e-001  1.0018813e-001
  1.4300000e-001  9.8095046e-002  1.4300000e-001  1.2043666e-001
  1.4400000e-001  9.4067188e-002  1.4400000e-001  1.4005597e-001
  1.4500000e-001  9.3298722e-002  1.4500000e-001  1.5897050e-001
  1.4600000e-001  9.6004364e-002  1.4600000e-001  1.7711088e-001
  1.4700000e-001  1.0145574e-001  1.4700000e-001  1.9441253e-001
  1.4800000e-001  1.0834711e-001  1.4800000e-001  2.1081518e-001
  1.4900000e-001  1.1527250e-001  1.4900000e-001  2.2626271e-001
