  0.0000000e+000  1.0000000e+000  0.0000000e+000  1.0000000e+000
  1.0000000e-003  9.9543001e-001  1.0000000e-003  9.9889429e-001
  2.0000000e-003  9.7339212e-001  2.0000000e-003  9.9584302e-001
  3.0000000e-003  9.3450459e-001  3.0000000e-003  9.9085502e-001
  4.0000000e-003  8.7983071e-001  4.0000000e-003  9.8394514e-001
  5.0000000e-003  8.1084333e-001  5.0000000e-003  9.7513423e-001
  6.0000000e-003  7.2937831e-001  6.0000000e-003  9.6444907e-001
  7.0000000e-003  6.3757865e-001  7.0000000e-003  9.5192225e-001
  8.0000000e-003  5.3783179e-001  8.0000000e-003  9.3759208e-001
  9.0000000e-003  4.3270354e-001  9.0000000e-003  9.2150247e-001
  1.0000000e-002  3.2487602e-001  1.0000000e-002  9.0370275e-001
  1.1000000e-002  2.1711616e-001  1.1000000e-002  8.8424754e-001
  1.2000000e-002  1.1247601e-001  1.2000000e-002  8.6319655e-001
  1.3000000e-002  2.2851125e-002  1.3000000e-002  8.4061438e-001
  1.4000000e-002  8.5637134e-002  1.4000000e-002  8.1657031e-001
  1.5000000e-002  1.6821274e-001  1.5000000e-002  7.9113813e-001
  1.6000000e-002  2.4051246e-001  1.6000000e-002  7.6439583e-001
  1.7000000e-002  3.0048215e-001  1.7000000e-002  7.3642546e-001
  1.8000000e-002  3.4698460e-001  1.8000000e-002  7.0731288e-001
  1.9000000e-002  3.7937319e-001  1.9000000e-002  6.7714755e-001
  2.0000000e-002  3.9744251e-001  2.0000000e-002  6.4602239e-001
  2.1000000e-002  4.0141229e-001  2.1000000e-002  6.1403357e-001
  2.2000000e-002  3.9190880e-001  2.2000000e-002  5.8128046e-001
  2.3000000e-002  3.6993711e-001  2.3000000e-002  5.4786565e-001
  2.4000000e-002  3.3684349e-001  2.4000000e-002  5.1389500e-001
  2.5000000e-002  2.9426900e-001  2.5000000e-002  4.7947802e-001
  2.6000000e-002  2.4409721e-001  2.6000000e-002  4.4472845e-001
  2.7000000e-002  1.8840388e-001  2.7000000e-002  4.0976531e-001
  2.8000000e-002  1.2943848e-001  2.8000000e-002  3.7471471e-001
  2.9000000e-002  6.9854511e-002  2.9000000e-002  3.3971294e-001
  3.0000000e-002  1.9224889e-002  3.0000000e-002  3.0491157e-001
  3.1000000e-002  5.2128659e-002  3.1000000e-002  2.7048644e-001
  3.2000000e-002  1.0276703e-001  3.2000000e-002  2.3665380e-001
  3.3000000e-002  1.4810087e-001  3.3000000e-002  2.0370042e-001
  3.4000000e-002  1.8594786e-001  3.4000000e-002  1.7204260e-001
  3.5000000e-002  2.1509624e-001  3.5000000e-002  1.4234656e-001
  3.6000000e-002  2.3477132e-001  3.6000000e-002  1.1577565e-001
  3.7000000e-002  2.4457457e-001  3.7000000e-002  9.4437933e-002
  3.8000000e-002  2.4446848e-001  3.8000000e-002  8.1734435e-002
  3.9000000e-002  2.3476300e-001  3.9000000e-002  8.0903632e-002
  4.0000000e-002  2.1609659e-001  4.0000000e-002  9.1388364e-002
  4.1000000e-002  1.8941337e-001  4.1000000e-002  1.0919771e-001
  4.2000000e-002  1.5594530e-001  4.2000000e-002  1.3067042e-001
  4.3000000e-002  1.1723481e-001  4.3000000e-002  1.5364511e-001
  4.4000000e-002  7.5393755e-002  4.4000000e-002  1.7696532e-001
  4.5000000e-002  3.5673368e-002  4.5000000e-002  1.9999183e-001
  4.6000000e-002  3.3140029e-002  4.6000000e-002  2.2234557e-001
  4.7000000e-002  7.1701586e-002  4.7000000e-002  2.4378440e-001
  4.8000000e-002  1.1310017e-001  4.8000000e-002  2.6414314e-001
  4.9000000e-002  1.5149330e-001  4.9000000e-002  2.8330296e-001
  5.0000000e-002  1.8490451e-001  5.0000000e-002  3.0117491e-001
  5.1000000e-002  2.1203194e-001  5.1000000e-002  3.1769068e-001
  5.2000000e-002  2.3192579e-001  5.2000000e-002  3.3279712e-001
  5.3000000e-002  2.4393846e-001  5.3000000e-002  3.4645293e-001
  5.4000000e-002  2.4771855e-001  5.4000000e-002  3.5862650e-001
  5.5000000e-002  2.4320997e-001  5.5000000e-002  3.6929456e-001
  5.6000000e-002  2.3064648e-001  5.6000000e-002  3.7844118e-001
  5.7000000e-002  2.1053950e-001  5.7000000e-002  3.8605717e-001
  5.8000000e-002  1.8365942e-001  5.8000000e-002  3.9213955e-001
  5.9000000e-002  1.5101419e-001  5.9000000e-002  3.9669123e-001
  6.0000000e-002  1.1383947e-001  6.0000000e-002  3.9972066e-001
  6.1000000e-002  7.3675454e-002  6.1000000e-002  4.0124164e-001
  6.2000000e-002  3.3351861e-002  6.2000000e-002  4.0127309e-001
  6.3000000e-002  2.1644657e-002  6.3000000e-002  3.9983888e-001
  6.4000000e-002  5.8812409e-002  6.4000000e-002  3.9696766e-001
  6.5000000e-002  9.7827437e-002  6.5000000e-002  3.9269268e-001
  6.6000000e-002  1.3376921e-001  6.6000000e-002  3.8705165e-001
  6.7000000e-002  1.6510279e-001  6.7000000e-002  3.8008659e-001
  6.8000000e-002  1.9076426e-001  6.8000000e-002  3.7184365e-001
  6.9000000e-002  2.0996761e-001  6.9000000e-002  3.6237302e-001
  7.0000000e-002  2.2218614e-001  7.0000000e-002  3.5172875e-001
  7.1000000e-002  2.2715671e-001  7.1000000e-002  3.3996865e-001
  7.2000000e-002  2.2488436e-001  7.2000000e-002  3.2715417e-001
  7.3000000e-002  2.1564327e-001  7.3000000e-002  3.1335034e-001
  7.4000000e-002  1.9997558e-001  7.4000000e-002  2.9862574e-001
  7.5000000e-002  1.7869467e-001  7.5000000e-002  2.8305253e-001
  7.6000000e-002  1.5291097e-001  7.6000000e-002  2.6670663e-001
  7.7000000e-002  1.2413254e-001  7.7000000e-002  2.4966806e-001
  7.8000000e-002  9.4613141e-002  7.8000000e-002  2.3202151e-001
  7.9000000e-002  6.8535611e-002  7.9000000e-002  2.1385746e-001
  8.0000000e-002  5.4755505e-002  8.0000000e-002  1.9527403e-001
  8.1000000e-002  6.1958295e-002  8.1000000e-002  1.7638020e-001
  8.2000000e-002  8.2774267e-002  8.2000000e-002  1.5730153e-001
  8.3000000e-002  1.0668728e-001  8.3000000e-002  1.3819072e-001
  8.4000000e-002  1.2881096e-001  8.4000000e-002  1.1924774e-001
  8.5000000e-002  1.4691676e-001  8.5000000e-002  1.0076062e-001
  8.6000000e-002  1.5978981e-001  8.6000000e-002  8.3191717e-002
  8.7000000e-002  1.6672970e-001  8.7000000e-002  6.7363474e-002
  8.8000000e-002  1.6739257e-001  8.8000000e-002  5.4811021e-002
  8.9000000e-002  1.6173528e-001  8.9000000e-002  4.8044578e-002
  9.0000000e-002  1.4999507e-001  9.0000000e-002  4.9256022e-002
  9.1000000e-002  1.3269049e-001  9.1000000e-002  5.7643251e-002
  9.2000000e-002  1.1066185e-001  9.2000000e-002  7.0372979e-002
  9.3000000e-002  8.5246479e-002  9.3000000e-002  8.5203605e-002
  9.4000000e-002  5.9051190e-002  9.4000000e-002  1.0089945e-001
  9.5000000e-002  3.9694356e-002  9.5000000e-002  1.1680795e-001
  9.6000000e-002  4.4272454e-002  9.6000000e-002  1.3256032e-001
  9.7000000e-002  6.9030479e-002  9.7000000e-002  1.4792766e-001
  9.8000000e-002  9.8967825e-002  9.8000000e-002  1.6275462e-001
  9.9000000e-002  1.2866419e-001  9.9000000e-002  1.7692760e-001
  1.0000000e-001  1.5593846e-001  1.0000000e-001  1.9035865e-001
  1.0100000e-001  1.7947987e-001  1.0100000e-001  2.0297693e-001
  1.0200000e-001  1.9835484e-001  1.0200000e-001  2.1472388e-001
  1.0300000e-001  2.1188804e-001  1.0300000e-001  2.2555043e-001
  1.0400000e-001  2.1963145e-001  1.0400000e-001  2.3541533e-001
  1.0500000e-001  2.2135609e-001  1.0500000e-001  2.4428404e-001
  1.0600000e-001  2.1704785e-001  1.0600000e-001  2.5212811e-001
  1.0700000e-001  2.0690150e-001  1.0700000e-001  2.5892467e-001
  1.0800000e-001  1.9131136e-001  1.0800000e-001  2.6465615e-001
  1.0900000e-001  1.7085947e-001  1.0900000e-001  2.6931003e-001
  1.1000000e-001  1.4630518e-001  1.1000000e-001  2.7287866e-001
  1.1100000e-001  1.1858842e-001  1.1100000e-001  2.7535915e-001
  1.1200000e-001  8.8891432e-002  1.1200000e-001  2.7675318e-001
  1.1300000e-001  5.8977917e-002  1.1300000e-001  2.7706694e-001
  1.1400000e-001  3.3377502e-002  1.1400000e-001  2.7631096e-001
  1.1500000e-001  2.9394913e-002  1.1500000e-001  2.7450002e-001
  1.1600000e-001  5.0244291e-002  1.1600000e-001  2.7165305e-001
  1.1700000e-001  7.5302569e-002  1.1700000e-001  2.6779295e-001
  1.1800000e-001  9.8594103e-002  1.1800000e-001  2.6294651e-001
  1.1900000e-001  1.1840356e-001  1.1900000e-001  2.5714430e-001
  1.2000000e-001  1.3387606e-001  1.2000000e-001  2.5042049e-001
  1.2100000e-001  1.4450502e-001  1.2100000e-001  2.4281279e-001
  1.2200000e-001  1.5002223e-001  1.2200000e-001  2.3436232e-001
  1.2300000e-001  1.5036569e-001  1.2300000e-001  2.2511357e-001
  1.2400000e-001  1.4566510e-001  1.2400000e-001  2.1511434e-001
  1.2500000e-001  1.3623067e-001  1.2500000e-001  2.0441579e-001
  1.2600000e-001  1.2254258e-001  1.2600000e-001  1.9307256e-001
  1.2700000e-001  1.0524453e-001  1.2700000e-001  1.8114305e-001
  1.2800000e-001  8.5156694e-002  1.2800000e-001  1.6869002e-001
  1.2900000e-001  6.3367089e-002  1.2900000e-001  1.5578149e-001
  1.3000000e-001  4.1700055e-002  1.3000000e-001  1.4249243e-001
  1.3100000e-001  2.5450902e-002  1.3100000e-001  1.2890767e-001
  1.3200000e-001  2.8275843e-002  1.3200000e-001  1.1512709e-001
  1.3300000e-001  4.5664583e-002  1.3300000e-001  1.0127511e-001
  1.3400000e-001  6.5216148e-002  1.3400000e-001  8.7518925e-002
  1.3500000e-001  8.3367565e-002  1.3500000e-001  7.4105177e-002
  1.3600000e-001  9.8867731e-002  1.3600000e-001  6.1436213e-002
  1.3700000e-001  1.1105726e-001  1.3700000e-001  5.0226789e-002
  1.3800000e-001  1.1955487e-001  1.3800000e-001  4.1762595e-002
  1.3900000e-001  1.2418229e-001  1.3900000e-001  3.7935091e-002
  1.4000000e-001  1.2494185e-001  1.4000000e-001  4.0014969e-002
  1.4100000e-001  1.2200838e-001  1.4100000e-001  4.7089514e-002
  1.4200000e-001  1.1572665e-001  1.4200000e-001  5.7169407e-002
  1.4300000e-001  1.0661530e-001  1.4300000e-001  6.8765111e-002
  1.4400000e-001  9.5384189e-002  1.4400000e-001  8.1040703e-002
  1.4500000e-001  8.2979824e-002  1.4500000e-001  9.3539488e-002
  1.4600000e-001  7.0679556e-002  1.4600000e-001  1.0599513e-001
  1.4700000e-001  6.0221072e-002  1.4700000e-001  1.1823810e-001
  1.4800000e-001  5.3725436e-002  1.4800000e-001  1.3015100e-001
  1.4900000e-001  5.2759284e-002  1.4900000e-001  1.4164663e-001
