  0.0000000e+000  1.0000000e+000  0.0000000e+000  1.0000000e+000
  1.0000000e-003  9.9107740e-001  1.0000000e-003  1.0014666e+000
  2.0000000e-003  9.6510644e-001  2.0000000e-003  1.0009645e+000
  3.0000000e-003  9.2292416e-001  3.0000000e-003  9.9849203e-001
  4.0000000e-003  8.6579484e-001  4.0000000e-003  9.9405358e-001
  5.0000000e-003  7.9537169e-001  5.0000000e-003  9.8765923e-001
  6.0000000e-003  7.1364722e-001  6.0000000e-003  9.7932495e-001
  7.0000000e-003  6.2289383e-001  7.0000000e-003  9.6907245e-001
  8.0000000e-003  5.2559674e-001  8.0000000e-003  9.5692923e-001
  9.0000000e-003  4.2438193e-001  9.0000000e-003  9.4292843e-001
  1.0000000e-002  3.2194374e-001  1.0000000e-002  9.2710877e-001
  1.1000000e-002  2.2098452e-001  1.1000000e-002  9.0951447e-001
  1.2000000e-002  1.2423536e-001  1.2000000e-002  8.9019508e-001
  1.3000000e-002  3.5895529e-002  1.3000000e-002  8.6920542e-001
  1.4000000e-002  5.2122150e-002  1.4000000e-002  8.4660536e-001
  1.5000000e-002  1.2274498e-001  1.5000000e-002  8.2245972e-001
  1.6000000e-002  1.8253636e-001  1.6000000e-002  7.9683806e-001
  1.7000000e-002  2.2954446e-001  1.7000000e-002  7.6981454e-001
  1.8000000e-002  2.6295419e-001  1.8000000e-002  7.4146774e-001
  1.9000000e-002  2.8245983e-001  1.9000000e-002  7.1188046e-001
  2.0000000e-002  2.8820161e-001  2.0000000e-002  6.8113957e-001
  2.1000000e-002  2.8073810e-001  2.1000000e-002  6.4933589e-001
  2.2000000e-002  2.6101543e-001  2.2000000e-002  6.1656402e-001
  2.3000000e-002  2.3032795e-001  2.3000000e-002  5.8292233e-001
  2.4000000e-002  1.9027079e-001  2.4000000e-002  5.4851292e-001
  2.5000000e-002  1.4268894e-001  2.5000000e-002  5.1344183e-001
  2.6000000e-002  8.9644274e-002  2.6000000e-002  4.7781931e-001
  2.7000000e-002  3.3692968e-002  2.7000000e-002  4.4176050e-001
  2.8000000e-002  2.6653380e-002  2.8000000e-002  4.0538657e-001
  2.9000000e-002  8.2774197e-002  2.9000000e-002  3.6882673e-001
  3.0000000e-002  1.3678980e-001  3.0000000e-002  3.3222170e-001
  3.1000000e-002  1.8616563e-001  3.1000000e-002  2.9572978e-001
  3.2000000e-002  2.2918118e-001  3.2000000e-002  2.5953804e-001
  3.3000000e-002  2.6443006e-001  3.3000000e-002  2.2388348e-001
  3.4000000e-002  2.9081981e-001  3.4000000e-002  1.8909582e-001
  3.5000000e-002  3.0759274e-001  3.5000000e-002  1.5568971e-001
  3.6000000e-002  3.1434081e-001  3.6000000e-002  1.2457644e-001
  3.7000000e-002  3.1101033e-001  3.7000000e-002  9.7560658e-002
  3.8000000e-002  2.9789541e-001  3.8000000e-002  7.8291650e-002
  3.9000000e-002  2.7562039e-001  3.9000000e-002  7.2267961e-002
  4.0000000e-002  2.4511165e-001  4.0000000e-002  8.1506057e-002
  4.1000000e-002  2.0756022e-001  4.1000000e-002  1.0107752e-001
  4.2000000e-002  1.6437709e-001  4.2000000e-002  1.2550003e-001
  4.3000000e-002  1.1714577e-001  4.3000000e-002  1.5177625e-001
  4.4000000e-002  6.7595078e-002  4.4000000e-002  1.7847560e-001
  4.5000000e-002  1.8080457e-002  4.5000000e-002  2.0487277e-001
  4.6000000e-002  3.2958224e-002  4.6000000e-002  2.3055914e-001
  4.7000000e-002  7.9251181e-002  4.7000000e-002  2.5527947e-001
  4.8000000e-002  1.2164888e-001  4.8000000e-002  2.7885967e-001
  4.9000000e-002  1.5862059e-001  4.9000000e-002  3.0117250e-001
  5.0000000e-002  1.8905207e-001  5.0000000e-002  3.2212018e-001
  5.1000000e-002  2.1211779e-001  5.1000000e-002  3.4162503e-001
  5.2000000e-002  2.2729240e-001  5.2000000e-002  3.5962413e-001
  5.3000000e-002  2.3436617e-001  5.3000000e-002  3.7606621e-001
  5.4000000e-002  2.3345511e-001  5.4000000e-002  3.9090965e-001
  5.5000000e-002  2.2500619e-001  5.5000000e-002  4.0412135e-001
  5.6000000e-002  2.0980315e-001  5.6000000e-002  4.1567581e-001
  5.7000000e-002  1.8898467e-001  5.7000000e-002  4.2555463e-001
  5.8000000e-002  1.6410198e-001  5.8000000e-002  4.3374611e-001
  5.9000000e-002  1.3727679e-001  5.9000000e-002  4.4024492e-001
  6.0000000e-002  1.1157830e-001  6.0000000e-002  4.4505188e-001
  6.1000000e-002  9.1650040e-002  6.1000000e-002  4.4817375e-001
  6.2000000e-002  8.3299677e-002  6.2000000e-002  4.4962307e-001
  6.3000000e-002  8.8796810e-002  6.3000000e-002  4.4941795e-001
  6.4000000e-002  1.0334930e-001  6.4000000e-002  4.4758193e-001
  6.5000000e-002  1.2043041e-001  6.5000000e-002  4.4414381e-001
  6.6000000e-002  1.3567176e-001  6.6000000e-002  4.3913745e-001
  6.7000000e-002  1.4658205e-001  6.7000000e-002  4.3260166e-001
  6.8000000e-002  1.5175837e-001  6.8000000e-002  4.2457992e-001
  6.9000000e-002  1.5047708e-001  6.9000000e-002  4.1512027e-001
  7.0000000e-002  1.4252965e-001  7.0000000e-002  4.0427506e-001
  7.1000000e-002  1.2818945e-001  7.1000000e-002  3.9210080e-001
  7.2000000e-002  1.0831075e-001  7.2000000e-002  3.7865787e-001
  7.3000000e-002  8.4765334e-002  7.3000000e-002  3.6401039e-001
  7.4000000e-002  6.2147731e-002  7.4000000e-002  3.4822596e-001
  7.5000000e-002  5.2525075e-002  7.5000000e-002  3.3137550e-001
  7.6000000e-002  6.8108234e-002  7.6000000e-002  3.1353302e-001
  7.7000000e-002  9.9508240e-002  7.7000000e-002  2.9477550e-001
  7.8000000e-002  1.3601837e-001  7.8000000e-002  2.7518274e-001
  7.9000000e-002  1.7297191e-001  7.9000000e-002  2.5483739e-001
  8.0000000e-002  2.0788089e-001  8.0000000e-002  2.3382499e-001
  8.1000000e-002  2.3900598e-001  8.1000000e-002  2.1223443e-001
  8.2000000e-002  2.6498548e-001  8.2000000e-002  1.9015871e-001
  8.3000000e-002  2.8474142e-001  8.3000000e-002  1.6769680e-001
  8.4000000e-002  2.9746367e-001  8.4000000e-002  1.4495731e-001
  8.5000000e-002  3.0261629e-001  8.5000000e-002  1.2206684e-001
  8.6000000e-002  2.9994805e-001  8.6000000e-002  9.9189918e-002
  8.7000000e-002  2.8950115e-001  8.7000000e-002  7.6584075e-002
  8.8000000e-002  2.7161736e-001  8.8000000e-002  5.4783806e-002
  8.9000000e-002  2.4694581e-001  8.9000000e-002  3.5392259e-002
  9.0000000e-002  2.1646474e-001  9.0000000e-002  2.4677686e-002
  9.1000000e-002  1.8155249e-001  9.1000000e-002  3.2326265e-002
  9.2000000e-002  1.4421478e-001  9.2000000e-002  5.0206041e-002
  9.3000000e-002  1.0783087e-001  9.3000000e-002  7.0585507e-002
  9.4000000e-002  7.9482033e-002  9.4000000e-002  9.1453210e-002
  9.5000000e-002  7.2398431e-002  9.5000000e-002  1.1219191e-001
  9.6000000e-002  9.0798228e-002  9.6000000e-002  1.3253097e-001
  9.7000000e-002  1.2112830e-001  9.7000000e-002  1.5231368e-001
  9.8000000e-002  1.5318954e-001  9.8000000e-002  1.7143038e-001
  9.9000000e-002  1.8251290e-001  9.9000000e-002  1.8979477e-001
  1.0000000e-001  2.0687853e-001  1.0000000e-001  2.0733424e-001
  1.0100000e-001  2.2498744e-001  1.0100000e-001  2.2398547e-001
  1.0200000e-001  2.3605229e-001  1.0200000e-001  2.3969231e-001
  1.0300000e-001  2.3966014e-001  1.0300000e-001  2.5440463e-001
  1.0400000e-001  2.3571902e-001  1.0400000e-001  2.6807776e-001
  1.0500000e-001  2.2443099e-001  1.0500000e-001  2.8067216e-001
  1.0600000e-001  2.0627289e-001  1.0600000e-001  2.9215325e-001
  1.0700000e-001  1.8198034e-001  1.0700000e-001  3.0249136e-001
  1.0800000e-001  1.5254079e-001  1.0800000e-001  3.1166160e-001
  1.0900000e-001  1.1922412e-001  1.0900000e-001  3.1964395e-001
  1.1000000e-001  8.3782940e-002  1.1000000e-001  3.2642313e-001
  1.1100000e-001  4.9679446e-002  1.1100000e-001  3.3198866e-001
  1.1200000e-001  3.1079013e-002  1.1200000e-001  3.3633481e-001
  1.1300000e-001  4.9991002e-002  1.1300000e-001  3.3946054e-001
  1.1400000e-001  8.1540227e-002  1.1400000e-001  3.4136953e-001
  1.1500000e-001  1.1252264e-001  1.1500000e-001  3.4207003e-001
  1.1600000e-001  1.3986363e-001  1.1600000e-001  3.4157486e-001
  1.1700000e-001  1.6215758e-001  1.1700000e-001  3.3990132e-001
  1.1800000e-001  1.7853200e-001  1.1800000e-001  3.3707106e-001
  1.1900000e-001  1.8844822e-001  1.1900000e-001  3.3310998e-001
  1.2000000e-001  1.9165855e-001  1.2000000e-001  3.2804815e-001
  1.2100000e-001  1.8819871e-001  1.2100000e-001  3.2191961e-001
  1.2200000e-001  1.7839169e-001  1.2200000e-001  3.1476227e-001
  1.2300000e-001  1.6286366e-001  1.2300000e-001  3.0661775e-001
  1.2400000e-001  1.4259139e-001  1.2400000e-001  2.9753120e-001
  1.2500000e-001  1.1904073e-001  1.2500000e-001  2.8755112e-001
  1.2600000e-001  9.4571328e-002  1.2600000e-001  2.7672924e-001
  1.2700000e-001  7.3540869e-002  1.2700000e-001  2.6512030e-001
  1.2800000e-001  6.3798117e-002  1.2800000e-001  2.5278189e-001
  1.2900000e-001  7.1541622e-002  1.2900000e-001  2.3977435e-001
  1.3000000e-001  9.1667345e-002  1.3000000e-001  2.2616061e-001
  1.3100000e-001  1.1603282e-001  1.3100000e-001  2.1200614e-001
  1.3200000e-001  1.3999164e-001  1.3200000e-001  1.9737896e-001
  1.3300000e-001  1.6112618e-001  1.3300000e-001  1.8234980e-001
  1.3400000e-001  1.7801690e-001  1.3400000e-001  1.6699246e-001
  1.3500000e-001  1.8977353e-001  1.3500000e-001  1.5138462e-001
  1.3600000e-001  1.9586861e-001  1.3600000e-001  1.3560927e-001
  1.3700000e-001  1.9607440e-001  1.3700000e-001  1.1975755e-001
  1.3800000e-001  1.9043572e-001  1.3800000e-001  1.0393427e-001
  1.3900000e-001  1.7925569e-001  1.3900000e-001  8.8269097e-002
  1.4000000e-001  1.6308833e-001  1.4000000e-001  7.2941224e-002
  1.4100000e-001  1.4274287e-001  1.4100000e-001  5.8238275e-002
  1.4200000e-001  1.1932137e-001  1.4200000e-001  4.4710344e-002
  1.4300000e-001  9.4358651e-002  1.4300000e-001  3.3583370e-002
  1.4400000e-001  7.0292836e-002  1.4400000e-001  2.7492276e-002
  1.4500000e-001  5.1870686e-002  1.4500000e-001  2.9212552e-002
  1.4600000e-001  4.7165543e-002  1.4600000e-001  3.7206900e-002
  1.4700000e-001  5.7858033e-002  1.4700000e-001  4.8029876e-002
  1.4800000e-001  7.5067513e-002  1.4800000e-001  5.9783910e-002
  1.4900000e-001  9.2235162e-002  1.4900000e-001  7.1661011e-002
