  0.0000000e+000  1.0000000e+000  0.0000000e+000  1.0000000e+000
  1.0000000e-003  9.5822319e-001  1.0000000e-003  9.9854784e-001
  2.0000000e-003  8.8808444e-001  2.0000000e-003  9.9353532e-001
  3.0000000e-003  7.9601417e-001  3.0000000e-003  9.8491746e-001
  4.0000000e-003  6.9007857e-001  4.0000000e-003  9.7268845e-001
  5.0000000e-003  5.7902511e-001  5.0000000e-003  9.5688432e-001
  6.0000000e-003  4.7136801e-001  6.0000000e-003  9.3758497e-001
  7.0000000e-003  3.7460388e-001  7.0000000e-003  9.1491537e-001
  8.0000000e-003  2.9460267e-001  8.0000000e-003  8.8904583e-001
  9.0000000e-003  2.3519091e-001  9.0000000e-003  8.6019117e-001
  1.0000000e-002  1.9793296e-001  1.0000000e-002  8.2860880e-001
  1.1000000e-002  1.8211598e-001  1.1000000e-002  7.9459567e-001
  1.2000000e-002  1.8494483e-001  1.2000000e-002  7.5848408e-001
  1.3000000e-002  2.0194468e-001  1.3000000e-002  7.2063644e-001
  1.4000000e-002  2.2754737e-001  1.4000000e-002  6.8143918e-001
  1.5000000e-002  2.5580599e-001  1.5000000e-002  6.4129598e-001
  1.6000000e-002  2.8114996e-001  1.6000000e-002  6.0062046e-001
  1.7000000e-002  2.9907371e-001  1.7000000e-002  5.5982869e-001
  1.8000000e-002  3.0665624e-001  1.8000000e-002  5.1933175e-001
  1.9000000e-002  3.0283757e-001  1.9000000e-002  4.7952850e-001
  2.0000000e-002  2.8842380e-001  2.0000000e-002  4.4079898e-001
  2.1000000e-002  2.6584005e-001  2.1000000e-002  4.0349844e-001
  2.2000000e-002  2.3868762e-001  2.2000000e-002  3.6795227e-001
  2.3000000e-002  2.1118036e-001  2.3000000e-002  3.3445194e-001
  2.4000000e-002  1.8753730e-001  2.4000000e-002  3.0325192e-001
  2.5000000e-002  1.7140005e-001  2.5000000e-002  2.7456768e-001
  2.6000000e-002  1.6533270e-001  2.6000000e-002  2.4857469e-001
  2.7000000e-002  1.7045293e-001  2.7000000e-002  2.2540831e-001
  2.8000000e-002  1.8623629e-001  2.8000000e-002  2.0516455e-001
  2.9000000e-002  2.1052769e-001  2.9000000e-002  1.8790150e-001
  3.0000000e-002  2.3977769e-001  3.0000000e-002  1.7364131e-001
  3.1000000e-002  2.6949382e-001  3.1000000e-002  1.6237264e-001
  3.2000000e-002  2.9485886e-001  3.2000000e-002  1.5405332e-001
  3.3000000e-002  3.1142879e-001  3.3000000e-002  1.4861333e-001
  3.4000000e-002  3.1579538e-001  3.4000000e-002  1.4595768e-001
  3.5000000e-002  3.0609696e-001  3.5000000e-002  1.4596941e-001
  3.6000000e-002  2.8228829e-001  3.6000000e-002  1.4851241e-001
  3.7000000e-002  2.4613145e-001  3.7000000e-002  1.5343415e-001
  3.8000000e-002  2.0092618e-001  3.8000000e-002  1.6056818e-001
  3.9000000e-002  1.5104360e-001  3.9000000e-002  1.6973643e-001
  4.0000000e-002  1.0135020e-001  4.0000000e-002  1.8075135e-001
  4.1000000e-002  5.6609263e-002  4.1000000e-002  1.9341773e-001
  4.2000000e-002  2.0931764e-002  4.2000000e-002  2.0753442e-001
  4.3000000e-002  2.6722293e-003  4.3000000e-002  2.2289579e-001
  4.4000000e-002  1.2608718e-002  4.4000000e-002  2.3929304e-001
  4.5000000e-002  8.8617217e-003  4.5000000e-002  2.5651543e-001
  4.6000000e-002  7.0093685e-003  4.6000000e-002  2.7435133e-001
  4.7000000e-002  3.2040580e-002  4.7000000e-002  2.9258925e-001
  4.8000000e-002  6.2194830e-002  4.8000000e-002  3.1101883e-001
  4.9000000e-002  9.2830351e-002  4.9000000e-002  3.2943181e-001
  5.0000000e-002  1.1926204e-001  5.0000000e-002  3.4762308e-001
  5.1000000e-002  1.3735182e-001  5.1000000e-002  3.6539172e-001
  5.2000000e-002  1.4405128e-001  5.2000000e-002  3.8254217e-001
  5.3000000e-002  1.3781935e-001  5.3000000e-002  3.9888554e-001
  5.4000000e-002  1.1885236e-001  5.4000000e-002  4.1424097e-001
  5.5000000e-002  8.9090392e-002  5.5000000e-002  4.2843719e-001
  5.6000000e-002  5.1996498e-002  5.6000000e-002  4.4131419e-001
  5.7000000e-002  1.2136155e-002  5.7000000e-002  4.5272499e-001
  5.8000000e-002  2.5391300e-002  5.8000000e-002  4.6253757e-001
  5.9000000e-002  5.5601889e-002  5.9000000e-002  4.7063678e-001
  6.0000000e-002  7.4280554e-002  6.0000000e-002  4.7692638e-001
  6.1000000e-002  7.8558774e-002  6.1000000e-002  4.8133093e-001
  6.2000000e-002  6.7337010e-002  6.2000000e-002  4.8379768e-001
  6.3000000e-002  4.1482332e-002  6.3000000e-002  4.8429816e-001
  6.4000000e-002  3.7549058e-003  6.4000000e-002  4.8282962e-001
  6.5000000e-002  4.1543329e-002  6.5000000e-002  4.7941598e-001
  6.6000000e-002  8.9152963e-002  6.6000000e-002  4.7410844e-001
  6.7000000e-002  1.3357940e-001  6.7000000e-002  4.6698549e-001
  6.8000000e-002  1.6982670e-001  6.8000000e-002  4.5815234e-001
  6.9000000e-002  1.9401721e-001  6.9000000e-002  4.4773978e-001
  7.0000000e-002  2.0380456e-001  7.0000000e-002  4.3590222e-001
  7.1000000e-002  1.9854144e-001  7.1000000e-002  4.2281530e-001
  7.2000000e-002  1.7921801e-001  7.2000000e-002  4.0867268e-001
  7.3000000e-002  1.4822453e-001  7.3000000e-002  3.9368246e-001
  7.4000000e-002  1.0900621e-001  7.4000000e-002  3.7806306e-001
  7.5000000e-002  6.5670917e-002  7.5000000e-002  3.6203884e-001
  7.6000000e-002  2.2591357e-002  7.6000000e-002  3.4583558e-001
  7.7000000e-002  1.5978073e-002  7.7000000e-002  3.2967587e-001
  7.8000000e-002  4.6263916e-002  7.8000000e-002  3.1377476e-001
  7.9000000e-002  6.5313478e-002  7.9000000e-002  2.9833562e-001
  8.0000000e-002  7.1299987e-002  8.0000000e-002  2.8354645e-001
  8.1000000e-002  6.3762136e-002  8.1000000e-002  2.6957672e-001
  8.2000000e-002  4.3726521e-002  8.2000000e-002  2.5657486e-001
  8.3000000e-002  1.3653159e-002  8.3000000e-002  2.4466628e-001
  8.4000000e-002  2.2837853e-002  8.4000000e-002  2.3395223e-001
  8.5000000e-002  6.1451223e-002  8.5000000e-002  2.2450912e-001
  8.6000000e-002  9.7837928e-002  8.6000000e-002  2.1638865e-001
  8.7000000e-002  1.2822289e-001  8.7000000e-002  2.0961830e-001
  8.8000000e-002  1.4989714e-001  8.8000000e-002  2.0420245e-001
  8.9000000e-002  1.6147557e-001  8.9000000e-002  2.0012383e-001
  9.0000000e-002  1.6289807e-001  9.0000000e-002  1.9734526e-001
  9.1000000e-002  1.5522479e-001  9.1000000e-002  1.9581166e-001
  9.2000000e-002  1.4031594e-001  9.2000000e-002  1.9545217e-001
  9.3000000e-002  1.2048685e-001  9.3000000e-002  1.9618240e-001
  9.4000000e-002  9.8201996e-002  9.4000000e-002  1.9790661e-001
  9.5000000e-002  7.5837746e-002  9.5000000e-002  2.0051993e-001
  9.6000000e-002  5.5514749e-002  9.6000000e-002  2.0391047e-001
  9.7000000e-002  3.8984772e-002  9.7000000e-002  2.0796131e-001
  9.8000000e-002  2.7551316e-002  9.8000000e-002  2.1255242e-001
  9.9000000e-002  2.2007165e-002  9.9000000e-002  2.1756244e-001
  1.0000000e-001  2.2581885e-002  1.0000000e-001  2.2287021e-001
  1.0100000e-001  2.8906188e-002  1.0100000e-001  2.2835635e-001
  1.0200000e-001  4.0014225e-002  1.0200000e-001  2.3390459e-001
  1.0300000e-001  5.4413086e-002  1.0300000e-001  2.3940296e-001
  1.0400000e-001  7.0242685e-002  1.0400000e-001  2.4474496e-001
  1.0500000e-001  8.5523694e-002  1.0500000e-001  2.4983057e-001
  1.0600000e-001  9.8452289e-002  1.0600000e-001  2.5456714e-001
  1.0700000e-001  1.0766821e-001  1.0700000e-001  2.5887028e-001
  1.0800000e-001  1.1242040e-001  1.0800000e-001  2.6266457e-001
  1.0900000e-001  1.1258952e-001  1.0900000e-001  2.6588429e-001
  1.1000000e-001  1.0858017e-001  1.1000000e-001  2.6847398e-001
  1.1100000e-001  1.0113764e-001  1.1100000e-001  2.7038900e-001
  1.1200000e-001  9.1154404e-002  1.1200000e-001  2.7159601e-001
  1.1300000e-001  7.9515154e-002  1.1300000e-001  2.7207326e-001
  1.1400000e-001  6.7001384e-002  1.1400000e-001  2.7181094e-001
  1.1500000e-001  5.4253449e-002  1.1500000e-001  2.7081129e-001
  1.1600000e-001  4.1775470e-002  1.1600000e-001  2.6908867e-001
  1.1700000e-001  2.9965075e-002  1.1700000e-001  2.6666943e-001
  1.1800000e-001  1.9151720e-002  1.1800000e-001  2.6359170e-001
  1.1900000e-001  9.6307421e-003  1.1900000e-001  2.5990495e-001
  1.2000000e-001  1.6836189e-003  1.2000000e-001  2.5566940e-001
  1.2100000e-001  4.4219004e-003  1.2100000e-001  2.5095526e-001
  1.2200000e-001  8.4544793e-003  1.2200000e-001  2.4584173e-001
  1.2300000e-001  1.0262508e-002  1.2300000e-001  2.4041584e-001
  1.2400000e-001  9.8299113e-003  1.2400000e-001  2.3477104e-001
  1.2500000e-001  7.3305576e-003  1.2500000e-001  2.2900571e-001
  1.2600000e-001  3.1642247e-003  1.2600000e-001  2.2322137e-001
  1.2700000e-001  2.0412726e-003  1.2700000e-001  2.1752082e-001
  1.2800000e-001  7.4700226e-003  1.2800000e-001  2.1200617e-001
  1.2900000e-001  1.2197662e-002  1.2900000e-001  2.0677675e-001
  1.3000000e-001  1.5298245e-002  1.3000000e-001  2.0192701e-001
  1.3100000e-001  1.5959993e-002  1.3100000e-001  1.9754444e-001
  1.3200000e-001  1.3591409e-002  1.3200000e-001  1.9370757e-001
  1.3300000e-001  7.9036247e-003  1.3300000e-001  1.9048404e-001
  1.3400000e-001  1.0392180e-003  1.3400000e-001  1.8792889e-001
  1.3500000e-001  1.2804599e-002  1.3500000e-001  1.8608309e-001
  1.3600000e-001  2.6611332e-002  1.3600000e-001  1.8497231e-001
  1.3700000e-001  4.1383186e-002  1.3700000e-001  1.8460599e-001
  1.3800000e-001  5.5834740e-002  1.3800000e-001  1.8497680e-001
  1.3900000e-001  6.8586588e-002  1.3900000e-001  1.8606043e-001
  1.4000000e-001  7.8304460e-002  1.4000000e-001  1.8781575e-001
  1.4100000e-001  8.3852467e-002  1.4100000e-001  1.9018534e-001
  1.4200000e-001  8.4445391e-002  1.4200000e-001  1.9309638e-001
  1.4300000e-001  7.9779899e-002  1.4300000e-001  1.9646191e-001
  1.4400000e-001  7.0121868e-002  1.4400000e-001  2.0018232e-001
  1.4500000e-001  5.6328449e-002  1.4500000e-001  2.0414714e-001
  1.4600000e-001  3.9790425e-002  1.4600000e-001  2.0823709e-001
  1.4700000e-001  2.2292632e-002  1.4700000e-001  2.1232622e-001
  1.4800000e-001  5.8055827e-003  1.4800000e-001  2.1628420e-001
  1.4900000e-001  7.7634974e-003  1.4900000e-001  2.1997871e-001
