  0.0000000e+000  1.0000000e+000  0.0000000e+000  1.0000000e+000
  1.0000000e-003  9.7524680e-001  1.0000000e-003  9.9771690e-001
  2.0000000e-003  9.1837244e-001  2.0000000e-003  9.9150118e-001
  3.0000000e-003  8.3641549e-001  3.0000000e-003  9.8137226e-001
  4.0000000e-003  7.3808541e-001  4.0000000e-003  9.6739167e-001
  5.0000000e-003  6.3277614e-001  5.0000000e-003  9.4966382e-001
  6.0000000e-003  5.2967813e-001  6.0000000e-003  9.2833611e-001
  7.0000000e-003  4.3701618e-001  7.0000000e-003  9.0359830e-001
  8.0000000e-003  3.6140231e-001  8.0000000e-003  8.7568114e-001
  9.0000000e-003  3.0729556e-001  9.0000000e-003  8.4485414e-001
  1.0000000e-002  2.7659376e-001  1.0000000e-002  8.1142259e-001
  1.1000000e-002  2.6842526e-001  1.1000000e-002  7.7572375e-001
  1.2000000e-002  2.7923307e-001  1.2000000e-002  7.3812223e-001
  1.3000000e-002  3.0322527e-001  1.3000000e-002  6.9900488e-001
  1.4000000e-002  3.3319337e-001  1.4000000e-002  6.5877496e-001
  1.5000000e-002  3.6159435e-001  1.5000000e-002  6.1784599e-001
  1.6000000e-002  3.8169726e-001  1.6000000e-002  5.7663535e-001
  1.7000000e-002  3.8856087e-001  1.7000000e-002  5.3555774e-001
  1.8000000e-002  3.7965519e-001  1.8000000e-002  4.9501877e-001
  1.9000000e-002  3.5504533e-001  1.9000000e-002  4.5540877e-001
  2.0000000e-002  3.1716993e-001  2.0000000e-002  4.1709697e-001
  2.1000000e-002  2.7032418e-001  2.1000000e-002  3.8042626e-001
  2.2000000e-002  2.1998088e-001  2.2000000e-002  3.4570859e-001
  2.3000000e-002  1.7206425e-001  2.3000000e-002  3.1322105e-001
  2.4000000e-002  1.3225431e-001  2.4000000e-002  2.8320280e-001
  2.5000000e-002  1.0536704e-001  2.5000000e-002  2.5585273e-001
  2.6000000e-002  9.4837629e-002  2.6000000e-002  2.3132803e-001
  2.7000000e-002  1.0233182e-001  2.7000000e-002  2.0974349e-001
  2.8000000e-002  1.2751567e-001  2.8000000e-002  1.9117149e-001
  2.9000000e-002  1.6801826e-001  2.9000000e-002  1.7564282e-001
  3.0000000e-002  2.1961545e-001  3.0000000e-002  1.6314795e-001
  3.1000000e-002  2.7664218e-001  3.1000000e-002  1.5363896e-001
  3.2000000e-002  3.3260697e-001  3.2000000e-002  1.4703180e-001
  3.3000000e-002  3.8094483e-001  3.3000000e-002  1.4320906e-001
  3.4000000e-002  4.1581320e-001  3.4000000e-002  1.4202293e-001
  3.5000000e-002  4.3282193e-001  3.5000000e-002  1.4329845e-001
  3.6000000e-002  4.2959492e-001  3.6000000e-002  1.4683692e-001
  3.7000000e-002  4.0608604e-001  3.7000000e-002  1.5241941e-001
  3.8000000e-002  3.6460687e-001  3.8000000e-002  1.5981039e-001
  3.9000000e-002  3.0956067e-001  3.9000000e-002  1.6876139e-001
  4.0000000e-002  2.4691064e-001  4.0000000e-002  1.7901462e-001
  4.1000000e-002  1.8344091e-001  4.1000000e-002  1.9030668e-001
  4.2000000e-002  1.2589542e-001  4.2000000e-002  2.0237212e-001
  4.3000000e-002  8.0103658e-002  4.3000000e-002  2.1494701e-001
  4.4000000e-002  5.0215732e-002  4.4000000e-002  2.2777242e-001
  4.5000000e-002  3.8165894e-002  4.5000000e-002  2.4059777e-001
  4.6000000e-002  4.3455027e-002  4.6000000e-002  2.5318406e-001
  4.7000000e-002  6.3290589e-002  4.7000000e-002  2.6530693e-001
  4.8000000e-002  9.3057123e-002  4.8000000e-002  2.7675949e-001
  4.9000000e-002  1.2703013e-001  4.9000000e-002  2.8735495e-001
  5.0000000e-002  1.5920789e-001  5.0000000e-002  2.9692893e-001
  5.1000000e-002  1.8412857e-001  5.1000000e-002  3.0534145e-001
  5.2000000e-002  1.9756033e-001  5.2000000e-002  3.1247854e-001
  5.3000000e-002  1.9698871e-001  5.3000000e-002  3.1825347e-001
  5.4000000e-002  1.8186446e-001  5.4000000e-002  3.2260748e-001
  5.5000000e-002  1.5360705e-001  5.5000000e-002  3.2551007e-001
  5.6000000e-002  1.1538191e-001  5.6000000e-002  3.2695884e-001
  5.7000000e-002  7.1685032e-002  5.7000000e-002  3.2697872e-001
  5.8000000e-002  2.7781574e-002  5.8000000e-002  3.2562089e-001
  5.9000000e-002  1.0941311e-002  5.9000000e-002  3.2296105e-001
  6.0000000e-002  3.9635097e-002  6.0000000e-002  3.1909743e-001
  6.1000000e-002  5.4584425e-002  6.1000000e-002  3.1414827e-001
  6.2000000e-002  5.3659801e-002  6.2000000e-002  3.0824915e-001
  6.3000000e-002  3.6570264e-002  6.3000000e-002  3.0154988e-001
  6.4000000e-002  4.8874800e-003  6.4000000e-002  2.9421142e-001
  6.5000000e-002  3.8152457e-002  6.5000000e-002  2.8640250e-001
  6.6000000e-002  8.8032409e-002  6.6000000e-002  2.7829638e-001
  6.7000000e-002  1.3946631e-001  6.7000000e-002  2.7006756e-001
  6.8000000e-002  1.8697833e-001  6.8000000e-002  2.6188866e-001
  6.9000000e-002  2.2549304e-001  6.9000000e-002  2.5392746e-001
  7.0000000e-002  2.5089027e-001  7.0000000e-002  2.4634415e-001
  7.1000000e-002  2.6048415e-001  7.1000000e-002  2.3928889e-001
  7.2000000e-002  2.5338368e-001  7.2000000e-002  2.3289963e-001
  7.3000000e-002  2.3068294e-001  7.3000000e-002  2.2730021e-001
  7.4000000e-002  1.9542118e-001  7.4000000e-002  2.2259882e-001
  7.5000000e-002  1.5226235e-001  7.5000000e-002  2.1888678e-001
  7.6000000e-002  1.0688186e-001  7.6000000e-002  2.1623751e-001
  7.7000000e-002  6.5120339e-002  7.7000000e-002  2.1470591e-001
  7.8000000e-002  3.2048427e-002  7.8000000e-002  2.1432792e-001
  7.9000000e-002  1.1145571e-002  7.9000000e-002  2.1512035e-001
  8.0000000e-002  3.7891934e-003  8.0000000e-002  2.1708085e-001
  8.1000000e-002  9.1693624e-003  8.1000000e-002  2.2018818e-001
  8.2000000e-002  2.4619165e-002  8.2000000e-002  2.2440257e-001
  8.3000000e-002  4.6239332e-002  8.3000000e-002  2.2966622e-001
  8.4000000e-002  6.9641868e-002  8.4000000e-002  2.3590403e-001
  8.5000000e-002  9.0650277e-002  8.5000000e-002  2.4302434e-001
  8.6000000e-002  1.0584968e-001  8.6000000e-002  2.5091991e-001
  8.7000000e-002  1.1294428e-001  8.7000000e-002  2.5946898e-001
  8.8000000e-002  1.1092765e-001  8.8000000e-002  2.6853648e-001
  8.9000000e-002  1.0009574e-001  8.9000000e-002  2.7797541e-001
  9.0000000e-002  8.1936553e-002  9.0000000e-002  2.8762839e-001
  9.1000000e-002  5.8924551e-002  9.1000000e-002  2.9732937e-001
  9.2000000e-002  3.4239689e-002  9.2000000e-002  3.0690562e-001
  9.3000000e-002  1.1426003e-002  9.3000000e-002  3.1617984e-001
  9.4000000e-002  5.9938398e-003  9.4000000e-002  3.2497255e-001
  9.5000000e-002  1.4924766e-002  9.5000000e-002  3.3310475e-001
  9.6000000e-002  1.3092377e-002  9.6000000e-002  3.4040071e-001
  9.7000000e-002  6.2146300e-004  9.7000000e-002  3.4669103e-001
  9.8000000e-002  2.5950734e-002  9.8000000e-002  3.5181581e-001
  9.9000000e-002  6.1172221e-002  9.9000000e-002  3.5562801e-001
  1.0000000e-001  1.0322013e-001  1.0000000e-001  3.5799670e-001
  1.0100000e-001  1.4799565e-001  1.0100000e-001  3.5881044e-001
  1.0200000e-001  1.9084601e-001  1.0200000e-001  3.5798033e-001
  1.0300000e-001  2.2715381e-001  1.0300000e-001  3.5544291e-001
  1.0400000e-001  2.5295135e-001  1.0400000e-001  3.5116257e-001
  1.0500000e-001  2.6546269e-001  1.0500000e-001  3.4513352e-001
  1.0600000e-001  2.6348290e-001  1.0600000e-001  3.3738104e-001
  1.0700000e-001  2.4752991e-001  1.0700000e-001  3.2796207e-001
  1.0800000e-001  2.1974308e-001  1.0800000e-001  3.1696491e-001
  1.0900000e-001  1.8354800e-001  1.0900000e-001  3.0450816e-001
  1.1000000e-001  1.4314652e-001  1.1000000e-001  2.9073870e-001
  1.1100000e-001  1.0291903e-001  1.1100000e-001  2.7582890e-001
  1.1200000e-001  6.6834861e-002  1.1200000e-001  2.5997314e-001
  1.1300000e-001  3.7958983e-002  1.1300000e-001  2.4338358e-001
  1.1400000e-001  1.8120702e-002  1.1400000e-001  2.2628558e-001
  1.1500000e-001  7.7804741e-003  1.1500000e-001  2.0891273e-001
  1.1600000e-001  6.0992297e-003  1.1600000e-001  1.9150180e-001
  1.1700000e-001  1.1185716e-002  1.1700000e-001  1.7428771e-001
  1.1800000e-001  2.0474083e-002  1.1800000e-001  1.5749879e-001
  1.1900000e-001  3.1168252e-002  1.1900000e-001  1.4135238e-001
  1.2000000e-001  4.0683241e-002  1.2000000e-001  1.2605092e-001
  1.2100000e-001  4.7017912e-002  1.2100000e-001  1.1177868e-001
  1.2200000e-001  4.9008695e-002  1.2200000e-001  9.8699111e-002
  1.2300000e-001  4.6437360e-002  1.2300000e-001  8.6952860e-002
  1.2400000e-001  3.9992912e-002  1.2400000e-001  7.6656463e-002
  1.2500000e-001  3.1111729e-002  1.2500000e-001  6.7901632e-002
  1.2600000e-001  2.1735618e-002  1.2600000e-001  6.0755113e-002
  1.2700000e-001  1.4031719e-002  1.2700000e-001  5.5259029e-002
  1.2800000e-001  1.0112211e-002  1.2800000e-001  5.1431631e-002
  1.2900000e-001  1.1779397e-002  1.2900000e-001  4.9268363e-002
  1.3000000e-001  2.0308096e-002  1.3000000e-001  4.8743186e-002
  1.3100000e-001  3.6267090e-002  1.3100000e-001  4.9810055e-002
  1.3200000e-001  5.9378264e-002  1.3200000e-001  5.2404509e-002
  1.3300000e-001  8.8417966e-002  1.3300000e-001  5.6445315e-002
  1.3400000e-001  1.2118033e-001  1.3400000e-001  6.1836114e-002
  1.3500000e-001  1.5454325e-001  1.3500000e-001  6.8467049e-002
  1.3600000e-001  1.8469478e-001  1.3600000e-001  7.6216356e-002
  1.3700000e-001  2.0757261e-001  1.3700000e-001  8.4951900e-002
  1.3800000e-001  2.1951990e-001  1.3800000e-001  9.4532663e-002
  1.3900000e-001  2.1806029e-001  1.3900000e-001  1.0481020e-001
  1.4000000e-001  2.0257720e-001  1.4000000e-001  1.1563004e-001
  1.4100000e-001  1.7462944e-001  1.4100000e-001  1.2683312e-001
  1.4200000e-001  1.3772427e-001  1.4200000e-001  1.3825720e-001
  1.4300000e-001  9.6585789e-002  1.4300000e-001  1.4973833e-001
  1.4400000e-001  5.6175292e-002  1.4400000e-001  1.6111232e-001
  1.4500000e-001  2.0794944e-002  1.4500000e-001  1.7221639e-001
  1.4600000e-001  6.4913236e-003  1.4600000e-001  1.8289082e-001
  1.4700000e-001  2.4063346e-002  1.4700000e-001  1.9298071e-001
  1.4800000e-001  3.1659383e-002  1.4800000e-001  2.0233790e-001
  1.4900000e-001  3.0132450e-002  1.4900000e-001  2.1082287e-001
