  0.0000000e+000  1.0000000e+000  0.0000000e+000  1.0000000e+000
  1.0000000e-003  9.6700720e-001  1.0000000e-003  1.0026427e+000
  2.0000000e-003  9.0449806e-001  2.0000000e-003  1.0010100e+000
  3.0000000e-003  8.1595281e-001  3.0000000e-003  9.9519157e-001
  4.0000000e-003  7.0699685e-001  4.0000000e-003  9.8532712e-001
  5.0000000e-003  5.8514045e-001  5.0000000e-003  9.7160255e-001
  6.0000000e-003  4.5926371e-001  6.0000000e-003  9.5424606e-001
  7.0000000e-003  3.3880220e-001  7.0000000e-003  9.3352337e-001
  8.0000000e-003  2.3266808e-001  8.0000000e-003  9.0973248e-001
  9.0000000e-003  1.4805281e-001  9.0000000e-003  8.8319816e-001
  1.0000000e-002  8.9360583e-002  1.0000000e-002  8.5426619e-001
  1.1000000e-002  5.7555084e-002  1.1000000e-002  8.2329758e-001
  1.2000000e-002  5.0126123e-002  1.2000000e-002  7.9066290e-001
  1.3000000e-002  6.1708807e-002  1.3000000e-002  7.5673670e-001
  1.4000000e-002  8.5190683e-002  1.4000000e-002  7.2189233e-001
  1.5000000e-002  1.1301269e-001  1.5000000e-002  6.8649695e-001
  1.6000000e-002  1.3835905e-001  1.6000000e-002  6.5090705e-001
  1.7000000e-002  1.5602253e-001  1.7000000e-002  6.1546436e-001
  1.8000000e-002  1.6286414e-001  1.8000000e-002  5.8049217e-001
  1.9000000e-002  1.5789805e-001  1.9000000e-002  5.4629225e-001
  2.0000000e-002  1.4209382e-001  2.0000000e-002  5.1314206e-001
  2.1000000e-002  1.1799894e-001  2.1000000e-002  4.8129258e-001
  2.2000000e-002  8.9264832e-002  2.2000000e-002  4.5096649e-001
  2.3000000e-002  6.0129573e-002  2.3000000e-002  4.2235688e-001
  2.4000000e-002  3.4886789e-002  2.4000000e-002  3.9562623e-001
  2.5000000e-002  1.7360311e-002  2.5000000e-002  3.7090598e-001
  2.6000000e-002  1.0411281e-002  2.6000000e-002  3.4829630e-001
  2.7000000e-002  1.5524297e-002  2.7000000e-002  3.2786629e-001
  2.8000000e-002  3.2541191e-002  2.8000000e-002  3.0965452e-001
  2.9000000e-002  5.9618599e-002  2.9000000e-002  2.9366987e-001
  3.0000000e-002  9.3461822e-002  3.0000000e-002  2.7989260e-001
  3.1000000e-002  1.2982764e-001  3.1000000e-002  2.6827578e-001
  3.2000000e-002  1.6420924e-001  3.2000000e-002  2.5874690e-001
  3.3000000e-002  1.9255313e-001  3.3000000e-002  2.5120969e-001
  3.4000000e-002  2.1184508e-001  3.4000000e-002  2.4554620e-001
  3.5000000e-002  2.2044979e-001  3.5000000e-002  2.4161900e-001
  3.6000000e-002  2.1817208e-001  3.6000000e-002  2.3927355e-001
  3.7000000e-002  2.0608676e-001  3.7000000e-002  2.3834069e-001
  3.8000000e-002  1.8622790e-001  3.8000000e-002  2.3863920e-001
  3.9000000e-002  1.6123051e-001  3.9000000e-002  2.3997851e-001
  4.0000000e-002  1.3399101e-001  4.0000000e-002  2.4216133e-001
  4.1000000e-002  1.0737712e-001  4.1000000e-002  2.4498640e-001
  4.2000000e-002  8.3987520e-002  4.2000000e-002  2.4825117e-001
  4.3000000e-002  6.5944082e-002  4.3000000e-002  2.5175442e-001
  4.4000000e-002  5.4698001e-002  4.4000000e-002  2.5529887e-001
  4.5000000e-002  5.0845750e-002  4.5000000e-002  2.5869360e-001
  4.6000000e-002  5.3980435e-002  4.6000000e-002  2.6175648e-001
  4.7000000e-002  6.2640871e-002  4.7000000e-002  2.6431629e-001
  4.8000000e-002  7.4442988e-002  4.8000000e-002  2.6621485e-001
  4.9000000e-002  8.6454090e-002  4.9000000e-002  2.6730881e-001
  5.0000000e-002  9.5781105e-002  5.0000000e-002  2.6747135e-001
  5.1000000e-002  1.0021982e-001  5.1000000e-002  2.6659362e-001
  5.2000000e-002  9.8738400e-002  5.2000000e-002  2.6458600e-001
  5.3000000e-002  9.1619588e-002  5.3000000e-002  2.6137903e-001
  5.4000000e-002  8.0242020e-002  5.4000000e-002  2.5692423e-001
  5.5000000e-002  6.6633439e-002  5.5000000e-002  2.5119458e-001
  5.6000000e-002  5.2982230e-002  5.6000000e-002  2.4418476e-001
  5.7000000e-002  4.1244932e-002  5.7000000e-002  2.3591120e-001
  5.8000000e-002  3.2899550e-002  5.8000000e-002  2.2641179e-001
  5.9000000e-002  2.8826969e-002  5.9000000e-002  2.1574536e-001
  6.0000000e-002  2.9275946e-002  6.0000000e-002  2.0399095e-001
  6.1000000e-002  3.3871822e-002  6.1000000e-002  1.9124675e-001
  6.2000000e-002  4.1648830e-002  6.2000000e-002  1.7762880e-001
  6.3000000e-002  5.1108691e-002  6.3000000e-002  1.6326949e-001
  6.4000000e-002  6.0327183e-002  6.4000000e-002  1.4831574e-001
  6.5000000e-002  6.7139462e-002  6.5000000e-002  1.3292702e-001
  6.6000000e-002  6.9426520e-002  6.6000000e-002  1.1727307e-001
  6.7000000e-002  6.5492390e-002  6.7000000e-002  1.0153147e-001
  6.8000000e-002  5.4467597e-002  6.8000000e-002  8.5885010e-002
  6.9000000e-002  3.6621832e-002  6.9000000e-002  7.0518940e-002
  7.0000000e-002  1.3456903e-002  7.0000000e-002  5.5618033e-002
  7.1000000e-002  1.2491827e-002  7.1000000e-002  4.1363644e-002
  7.2000000e-002  3.8107999e-002  7.2000000e-002  2.7930706e-002
  7.3000000e-002  6.0264164e-002  7.3000000e-002  1.5484759e-002
  7.4000000e-002  7.6344348e-002  7.4000000e-002  4.1790731e-003
  7.5000000e-002  8.4605329e-002  7.5000000e-002  5.8480934e-003
  7.6000000e-002  8.4347084e-002  7.6000000e-002  1.4476015e-002
  7.7000000e-002  7.5927084e-002  7.7000000e-002  2.1603752e-002
  7.8000000e-002  6.0672708e-002  7.8000000e-002  2.7152062e-002
  7.9000000e-002  4.0729232e-002  7.9000000e-002  3.1064927e-002
  8.0000000e-002  1.8850306e-002  8.0000000e-002  3.3310640e-002
  8.1000000e-002  1.8841732e-003  8.1000000e-002  3.3882422e-002
  8.2000000e-002  1.8436190e-002  8.2000000e-002  3.2798537e-002
  8.3000000e-002  2.8246209e-002  8.3000000e-002  3.0101904e-002
  8.4000000e-002  2.9670207e-002  8.4000000e-002  2.5859210e-002
  8.5000000e-002  2.2306574e-002  8.5000000e-002  2.0159538e-002
  8.6000000e-002  7.1026654e-003  8.6000000e-002  1.3112557e-002
  8.7000000e-002  1.3809858e-002  8.7000000e-002  4.8463185e-003
  8.8000000e-002  3.7507194e-002  8.8000000e-002  4.4952824e-003
  8.9000000e-002  6.0772527e-002  8.9000000e-002  1.4755304e-002
  9.0000000e-002  8.0564642e-002  9.0000000e-002  2.5766741e-002
  9.1000000e-002  9.4361692e-002  9.1000000e-002  3.7355618e-002
  9.2000000e-002  1.0035421e-001  9.2000000e-002  4.9344105e-002
  9.3000000e-002  9.7517037e-002  9.3000000e-002  6.1553592e-002
  9.4000000e-002  8.5614428e-002  9.4000000e-002  7.3807646e-002
  9.5000000e-002  6.5188219e-002  9.5000000e-002  8.5934793e-002
  9.6000000e-002  3.7556371e-002  9.6000000e-002  9.7771075e-002
  9.7000000e-002  4.8171081e-003  9.7000000e-002  1.0916234e-001
  9.8000000e-002  3.0181352e-002  9.8000000e-002  1.1996626e-001
  9.9000000e-002  6.3975418e-002  9.9000000e-002  1.3005397e-001
  1.0000000e-001  9.2801711e-002  1.0000000e-001  1.3931151e-001
  1.0100000e-001  1.1312817e-001  1.0100000e-001  1.4764082e-001
  1.0200000e-001  1.2233185e-001  1.0200000e-001  1.5496053e-001
  1.0300000e-001  1.1932547e-001  1.0300000e-001  1.6120639e-001
  1.0400000e-001  1.0487248e-001  1.0400000e-001  1.6633149e-001
  1.0500000e-001  8.1419767e-002  1.0500000e-001  1.7030619e-001
  1.0600000e-001  5.2492804e-002  1.0600000e-001  1.7311785e-001
  1.0700000e-001  2.1895617e-002  1.0700000e-001  1.7477034e-001
  1.0800000e-001  6.9991046e-003  1.0800000e-001  1.7528344e-001
  1.0900000e-001  3.1694805e-002  1.0900000e-001  1.7469203e-001
  1.1000000e-001  5.0731720e-002  1.1000000e-001  1.7304517e-001
  1.1100000e-001  6.3645056e-002  1.1100000e-001  1.7040509e-001
  1.1200000e-001  7.0822723e-002  1.1200000e-001  1.6684608e-001
  1.1300000e-001  7.3333067e-002  1.1300000e-001  1.6245330e-001
  1.1400000e-001  7.2746562e-002  1.1400000e-001  1.5732152e-001
  1.1500000e-001  7.0937887e-002  1.1500000e-001  1.5155381e-001
  1.1600000e-001  6.9838848e-002  1.1600000e-001  1.4526014e-001
  1.1700000e-001  7.1126609e-002  1.1700000e-001  1.3855597e-001
  1.1800000e-001  7.5877768e-002  1.1800000e-001  1.3156082e-001
  1.1900000e-001  8.4279704e-002  1.1900000e-001  1.2439667e-001
  1.2000000e-001  9.5522657e-002  1.2000000e-001  1.1718649e-001
  1.2100000e-001  1.0795358e-001  1.2100000e-001  1.1005261e-001
  1.2200000e-001  1.1946022e-001  1.2200000e-001  1.0311513e-001
  1.2300000e-001  1.2794388e-001  1.2300000e-001  9.6490257e-002
  1.2400000e-001  1.3171374e-001  1.2400000e-001  9.0288703e-002
  1.2500000e-001  1.2970375e-001  1.2500000e-001  8.4614049e-002
  1.2600000e-001  1.2151277e-001  1.2600000e-001  7.9561152e-002
  1.2700000e-001  1.0733345e-001  1.2700000e-001  7.5214605e-002
  1.2800000e-001  8.7845923e-002  1.2800000e-001  7.1647283e-002
  1.2900000e-001  6.4129279e-002  1.2900000e-001  6.8918992e-002
  1.3000000e-001  3.7610857e-002  1.3000000e-001  6.7075269e-002
  1.3100000e-001  1.0045172e-002  1.3100000e-001  6.6146357e-002
  1.3200000e-001  1.6509279e-002  1.3200000e-001  6.6146390e-002
  1.3300000e-001  3.9766031e-002  1.3300000e-001  6.7072825e-002
  1.3400000e-001  5.7400009e-002  1.3400000e-001  6.8906151e-002
  1.3500000e-001  6.7394184e-002  1.3500000e-001  7.1609895e-002
  1.3600000e-001  6.8522237e-002  1.3600000e-001  7.5130955e-002
  1.3700000e-001  6.0832345e-002  1.3700000e-001  7.9400259e-002
  1.3800000e-001  4.5896391e-002  1.3800000e-001  8.4333764e-002
  1.3900000e-001  2.6613167e-002  1.3900000e-001  8.9833781e-002
  1.4000000e-001  6.5563467e-003  1.4000000e-001  9.5790607e-002
  1.4100000e-001  1.0881767e-002  1.4100000e-001  1.0208444e-001
  1.4200000e-001  2.3196971e-002  1.4200000e-001  1.0858754e-001
  1.4300000e-001  2.9108792e-002  1.4300000e-001  1.1516656e-001
  1.4400000e-001  2.8532025e-002  1.4400000e-001  1.2168506e-001
  1.4500000e-001  2.2336579e-002  1.4500000e-001  1.2800602e-001
  1.4600000e-001  1.2057524e-002  1.4600000e-001  1.3399448e-001
  1.4700000e-001  3.5057761e-004  1.4700000e-001  1.3952001e-001
  1.4800000e-001  1.2695435e-002  1.4800000e-001  1.4445912e-001
  1.4900000e-001  2.2694250e-002  1.4900000e-001  1.4869754e-001
