  0.0000000e+000  1.0000000e+000  0.0000000e+000  1.0000000e+000
  1.0000000e-003  9.6458523e-001  1.0000000e-003  9.8915686e-001
  2.0000000e-003  8.9728263e-001  2.0000000e-003  9.7515050e-001
  3.0000000e-003  8.0399453e-001  3.0000000e-003  9.5804991e-001
  4.0000000e-003  6.9318883e-001  4.0000000e-003  9.3794254e-001
  5.0000000e-003  5.7478082e-001  5.0000000e-003  9.1493547e-001
  6.0000000e-003  4.5871231e-001  6.0000000e-003  8.8915666e-001
  7.0000000e-003  3.5359692e-001  7.0000000e-003  8.6075618e-001
  8.0000000e-003  2.6576641e-001  8.0000000e-003  8.2990727e-001
  9.0000000e-003  1.9887721e-001  9.0000000e-003  7.9680713e-001
  1.0000000e-002  1.5402880e-001  1.0000000e-002  7.6167737e-001
  1.1000000e-002  1.3021145e-001  1.1000000e-002  7.2476383e-001
  1.2000000e-002  1.2487465e-001  1.2000000e-002  6.8633589e-001
  1.3000000e-002  1.3446100e-001  1.3000000e-002  6.4668498e-001
  1.4000000e-002  1.5483045e-001  1.4000000e-002  6.0612226e-001
  1.5000000e-002  1.8157319e-001  1.5000000e-002  5.6497554e-001
  1.6000000e-002  2.1025812e-001  1.6000000e-002  5.2358535e-001
  1.7000000e-002  2.3668742e-001  1.7000000e-002  4.8230016e-001
  1.8000000e-002  2.5722049e-001  1.8000000e-002  4.4147109e-001
  1.9000000e-002  2.6918615e-001  1.9000000e-002  4.0144601e-001
  2.0000000e-002  2.7131666e-001  2.0000000e-002  3.6256341e-001
  2.1000000e-002  2.6404240e-001  2.1000000e-002  3.2514616e-001
  2.2000000e-002  2.4945099e-001  2.2000000e-002  2.8949553e-001
  2.3000000e-002  2.3081148e-001  2.3000000e-002  2.5588564e-001
  2.4000000e-002  2.1177094e-001  2.4000000e-002  2.2455858e-001
  2.5000000e-002  1.9551088e-001  2.5000000e-002  1.9572043e-001
  2.6000000e-002  1.8415881e-001  2.6000000e-002  1.6953834e-001
  2.7000000e-002  1.7859100e-001  2.7000000e-002  1.4613870e-001
  2.8000000e-002  1.7856932e-001  2.8000000e-002  1.2560653e-001
  2.9000000e-002  1.8305484e-001  2.9000000e-002  1.0798595e-001
  3.0000000e-002  1.9054976e-001  3.0000000e-002  9.3281708e-002
  3.1000000e-002  1.9938334e-001  3.1000000e-002  8.1461601e-002
  3.2000000e-002  2.0791947e-001  3.2000000e-002  7.2459635e-002
  3.3000000e-002  2.1470098e-001  3.3000000e-002  6.6179728e-002
  3.4000000e-002  2.1855730e-001  3.4000000e-002  6.2499762e-002
  3.5000000e-002  2.1869842e-001  3.5000000e-002  6.1275799e-002
  3.6000000e-002  2.1480410e-001  3.6000000e-002  6.2346299e-002
  3.7000000e-002  2.0709819e-001  3.7000000e-002  6.5536187e-002
  3.8000000e-002  1.9637754e-001  3.8000000e-002  7.0660658e-002
  3.9000000e-002  1.8395190e-001  3.9000000e-002  7.7528637e-002
  4.0000000e-002  1.7145922e-001  4.0000000e-002  8.5945826e-002
  4.1000000e-002  1.6055949e-001  4.1000000e-002  9.5717329e-002
  4.2000000e-002  1.5257033e-001  4.2000000e-002  1.0664982e-001
  4.3000000e-002  1.4815596e-001  4.3000000e-002  1.1855329e-001
  4.4000000e-002  1.4717846e-001  4.4000000e-002  1.3124241e-001
  4.5000000e-002  1.4875751e-001  4.5000000e-002  1.4453746e-001
  4.6000000e-002  1.5150143e-001  4.6000000e-002  1.5826504e-001
  4.7000000e-002  1.5381802e-001  4.7000000e-002  1.7225845e-001
  4.8000000e-002  1.5421353e-001  4.8000000e-002  1.8635780e-001
  4.9000000e-002  1.5152330e-001  4.9000000e-002  2.0041011e-001
  5.0000000e-002  1.4505865e-001  5.0000000e-002  2.1426912e-001
  5.1000000e-002  1.3467893e-001  5.1000000e-002  2.2779517e-001
  5.2000000e-002  1.2080396e-001  5.2000000e-002  2.4085498e-001
  5.3000000e-002  1.0437581e-001  5.3000000e-002  2.5332154e-001
  5.4000000e-002  8.6770818e-002  5.4000000e-002  2.6507400e-001
  5.5000000e-002  6.9657993e-002  5.5000000e-002  2.7599773e-001
  5.6000000e-002  5.4803960e-002  5.6000000e-002  2.8598459e-001
  5.7000000e-002  4.3835829e-002  5.7000000e-002  2.9493326e-001
  5.8000000e-002  3.7990278e-002  5.8000000e-002  3.0274998e-001
  5.9000000e-002  3.7891837e-002  5.9000000e-002  3.0934939e-001
  6.0000000e-002  4.3408608e-002  6.0000000e-002  3.1465574e-001
  6.1000000e-002  5.3624013e-002  6.1000000e-002  3.1860432e-001
  6.2000000e-002  6.6939845e-002  6.2000000e-002  3.2114319e-001
  6.3000000e-002  8.1296512e-002  6.3000000e-002  3.2223507e-001
  6.4000000e-002  9.4471384e-002  6.4000000e-002  3.2185942e-001
  6.5000000e-002  1.0440312e-001  6.5000000e-002  3.2001453e-001
  6.6000000e-002  1.0949007e-001  6.6000000e-002  3.1671962e-001
  6.7000000e-002  1.0882058e-001  6.7000000e-002  3.1201664e-001
  6.8000000e-002  1.0230602e-001  6.8000000e-002  3.0597172e-001
  6.9000000e-002  9.0701460e-002  6.9000000e-002  2.9867603e-001
  7.0000000e-002  7.5510988e-002  7.0000000e-002  2.9024590e-001
  7.1000000e-002  5.8788604e-002  7.1000000e-002  2.8082194e-001
  7.2000000e-002  4.2858756e-002  7.2000000e-002  2.7056725e-001
  7.3000000e-002  2.9993638e-002  7.3000000e-002  2.5966437e-001
  7.4000000e-002  2.2092374e-002  7.4000000e-002  2.4831132e-001
  7.5000000e-002  2.0407809e-002  7.5000000e-002  2.3671653e-001
  7.6000000e-002  2.5358589e-002  7.6000000e-002  2.2509316e-001
  7.7000000e-002  3.6450013e-002  7.7000000e-002  2.1365288e-001
  7.8000000e-002  5.2311239e-002  7.8000000e-002  2.0259955e-001
  7.9000000e-002  7.0843087e-002  7.9000000e-002  1.9212320e-001
  8.0000000e-002  8.9461528e-002  8.0000000e-002  1.8239457e-001
  8.1000000e-002  1.0541546e-001  8.1000000e-002  1.7356065e-001
  8.2000000e-002  1.1614994e-001  8.2000000e-002  1.6574129e-001
  8.3000000e-002  1.1967509e-001  8.3000000e-002  1.5902713e-001
  8.4000000e-002  1.1488777e-001  8.4000000e-002  1.5347882e-001
  8.5000000e-002  1.0178468e-001  8.5000000e-002  1.4912749e-001
  8.6000000e-002  8.1511437e-002  8.6000000e-002  1.4597623e-001
  8.7000000e-002  5.6219786e-002  8.7000000e-002  1.4400246e-001
  8.8000000e-002  2.8750235e-002  8.8000000e-002  1.4316094e-001
  8.9000000e-002  2.2044389e-003  8.9000000e-002  1.4338711e-001
  9.0000000e-002  2.0500331e-002  9.0000000e-002  1.4460061e-001
  9.1000000e-002  3.7005912e-002  9.1000000e-002  1.4670873e-001
  9.2000000e-002  4.5760216e-002  9.2000000e-002  1.4960965e-001
  9.3000000e-002  4.6122375e-002  9.3000000e-002  1.5319546e-001
  9.4000000e-002  3.8347202e-002  9.4000000e-002  1.5735465e-001
  9.5000000e-002  2.3486637e-002  9.5000000e-002  1.6197439e-001
  9.6000000e-002  3.2435790e-003  9.6000000e-002  1.6694220e-001
  9.7000000e-002  2.0200899e-002  9.7000000e-002  1.7214742e-001
  9.8000000e-002  4.4383304e-002  9.8000000e-002  1.7748219e-001
  9.9000000e-002  6.6784913e-002  9.9000000e-002  1.8284223e-001
  1.0000000e-001  8.5098811e-002  1.0000000e-001  1.8812727e-001
  1.0100000e-001  9.7528652e-002  1.0100000e-001  1.9324141e-001
  1.0200000e-001  1.0308000e-001  1.0200000e-001  1.9809320e-001
  1.0300000e-001  1.0177197e-001  1.0300000e-001  2.0259572e-001
  1.0400000e-001  9.4684923e-002  1.0400000e-001  2.0666653e-001
  1.0500000e-001  8.3790409e-002  1.0500000e-001  2.1022770e-001
  1.0600000e-001  7.1580966e-002  1.0600000e-001  2.1320574e-001
  1.0700000e-001  6.0595429e-002  1.0700000e-001  2.1553166e-001
  1.0800000e-001  5.2973164e-002  1.0800000e-001  2.1714112e-001
  1.0900000e-001  5.0145902e-002  1.0900000e-001  2.1797461e-001
  1.1000000e-001  5.2708834e-002  1.1000000e-001  2.1797783e-001
  1.1100000e-001  6.0446110e-002  1.1100000e-001  2.1710216e-001
  1.1200000e-001  7.2450965e-002  1.1200000e-001  2.1530529e-001
  1.1300000e-001  8.7281596e-002  1.1300000e-001  2.1255199e-001
  1.1400000e-001  1.0311695e-001  1.1400000e-001  2.0881506e-001
  1.1500000e-001  1.1790514e-001  1.1500000e-001  2.0407635e-001
  1.1600000e-001  1.2952093e-001  1.1600000e-001  1.9832795e-001
  1.1700000e-001  1.3596081e-001  1.1700000e-001  1.9157344e-001
  1.1800000e-001  1.3560049e-001  1.1800000e-001  1.8382913e-001
  1.1900000e-001  1.2751124e-001  1.1900000e-001  1.7512525e-001
  1.2000000e-001  1.1177903e-001  1.2000000e-001  1.6550708e-001
  1.2100000e-001  8.9708026e-002  1.2100000e-001  1.5503578e-001
  1.2200000e-001  6.3765208e-002  1.2200000e-001  1.4378900e-001
  1.2300000e-001  3.7185317e-002  1.2300000e-001  1.3186094e-001
  1.2400000e-001  1.3307396e-002  1.2400000e-001  1.1936204e-001
  1.2500000e-001  5.1338337e-003  1.2500000e-001  1.0641798e-001
  1.2600000e-001  1.6505917e-002  1.2600000e-001  9.3168045e-002
  1.2700000e-001  2.0427536e-002  1.2700000e-001  7.9762852e-002
  1.2800000e-001  1.7602964e-002  1.2800000e-001  6.6361391e-002
  1.2900000e-001  9.4857217e-003  1.2900000e-001  5.3127526e-002
  1.3000000e-001  2.0803130e-003  1.3000000e-001  4.0226032e-002
  1.3100000e-001  1.5153190e-002  1.3100000e-001  2.7818369e-002
  1.3200000e-001  2.7894594e-002  1.3200000e-001  1.6058380e-002
  1.3300000e-001  3.8697934e-002  1.3300000e-001  5.0881544e-003
  1.3400000e-001  4.6273866e-002  1.3400000e-001  4.9657429e-003
  1.3500000e-001  4.9720823e-002  1.3500000e-001  1.3995454e-002
  1.3600000e-001  4.8595535e-002  1.3600000e-001  2.1914275e-002
  1.3700000e-001  4.2981648e-002  1.3700000e-001  2.8658254e-002
  1.3800000e-001  3.3536480e-002  1.3800000e-001  3.4186898e-002
  1.3900000e-001  2.1481234e-002  1.3900000e-001  3.8483003e-002
  1.4000000e-001  8.4969055e-003  1.4000000e-001  4.1551683e-002
  1.4100000e-001  3.4945816e-003  1.4100000e-001  4.3418713e-002
  1.4200000e-001  1.2645162e-002  1.4200000e-001  4.4128340e-002
  1.4300000e-001  1.7525054e-002  1.4300000e-001  4.3740728e-002
  1.4400000e-001  1.7402038e-002  1.4400000e-001  4.2329182e-002
  1.4500000e-001  1.2373705e-002  1.4500000e-001  3.9977332e-002
  1.4600000e-001  3.3222608e-003  1.4600000e-001  3.6776380e-002
  1.4700000e-001  8.2775300e-003  1.4700000e-001  3.2822526e-002
  1.4800000e-001  2.0629044e-002  1.4800000e-001  2.8214641e-002
  1.4900000e-001  3.1893387e-002  1.4900000e-001  2.3052238e-002
