  0.0000000e+000  1.0000000e+000  0.0000000e+000  1.0000000e+000
  1.0000000e-003  1.0082131e+000  1.0000000e-003  9.9497252e-001
  2.0000000e-003  9.9008638e-001  2.0000000e-003  9.8523109e-001
  3.0000000e-003  9.4700050e-001  3.0000000e-003  9.7093438e-001
  4.0000000e-003  8.8162812e-001  4.0000000e-003  9.5229857e-001
  5.0000000e-003  7.9796681e-001  5.0000000e-003  9.2959169e-001
  6.0000000e-003  7.0135210e-001  6.0000000e-003  9.0312714e-001
  7.0000000e-003  5.9833253e-001  7.0000000e-003  8.7325686e-001
  8.0000000e-003  4.9628912e-001  8.0000000e-003  8.4036417e-001
  9.0000000e-003  4.0274012e-001  9.0000000e-003  8.0485661e-001
  1.0000000e-002  3.2439153e-001  1.0000000e-002  7.6715900e-001
  1.1000000e-002  2.6613564e-001  1.1000000e-002  7.2770679e-001
  1.2000000e-002  2.3028346e-001  1.2000000e-002  6.8693984e-001
  1.3000000e-002  2.1627446e-001  1.3000000e-002  6.4529669e-001
  1.4000000e-002  2.2094277e-001  1.4000000e-002  6.0320945e-001
  1.5000000e-002  2.3922296e-001  1.5000000e-002  5.6109908e-001
  1.6000000e-002  2.6505965e-001  1.6000000e-002  5.1937144e-001
  1.7000000e-002  2.9228861e-001  1.7000000e-002  4.7841358e-001
  1.8000000e-002  3.1534859e-001  1.8000000e-002  4.3859071e-001
  1.9000000e-002  3.2978997e-001  1.9000000e-002  4.0024345e-001
  2.0000000e-002  3.3261517e-001  2.0000000e-002  3.6368544e-001
  2.1000000e-002  3.2249864e-001  2.1000000e-002  3.2920129e-001
  2.2000000e-002  2.9990250e-001  2.2000000e-002  2.9704471e-001
  2.3000000e-002  2.6705354e-001  2.3000000e-002  2.6743693e-001
  2.4000000e-002  2.2771155e-001  2.4000000e-002  2.4056528e-001
  2.5000000e-002  1.8667071e-001  2.5000000e-002  2.1658186e-001
  2.6000000e-002  1.4901082e-001  2.6000000e-002  1.9560251e-001
  2.7000000e-002  1.1922916e-001  2.7000000e-002  1.7770588e-001
  2.8000000e-002  1.0047098e-001  2.8000000e-002  1.6293278e-001
  2.9000000e-002  9.4069402e-002  2.9000000e-002  1.5128569e-001
  3.0000000e-002  9.9494839e-002  3.0000000e-002  1.4272868e-001
  3.1000000e-002  1.1466257e-001  3.1000000e-002  1.3718764e-001
  3.2000000e-002  1.3644304e-001  3.2000000e-002  1.3455093e-001
  3.3000000e-002  1.6120347e-001  3.3000000e-002  1.3467050e-001
  3.4000000e-002  1.8526386e-001  3.4000000e-002  1.3736361e-001
  3.5000000e-002  2.0522579e-001  3.5000000e-002  1.4241507e-001
  3.6000000e-002  2.1819108e-001  3.6000000e-002  1.4958007e-001
  3.7000000e-002  2.2191536e-001  3.7000000e-002  1.5858771e-001
  3.8000000e-002  2.1494238e-001  3.8000000e-002  1.6914503e-001
  3.9000000e-002  1.9674619e-001  3.9000000e-002  1.8094168e-001
  4.0000000e-002  1.6787736e-001  4.0000000e-002  1.9365502e-001
  4.1000000e-002  1.3007216e-001  4.1000000e-002  2.0695561e-001
  4.2000000e-002  8.6250896e-002  4.2000000e-002  2.2051301e-001
  4.3000000e-002  4.0322160e-002  4.3000000e-002  2.3400165e-001
  4.4000000e-002  3.2551279e-003  4.4000000e-002  2.4710667e-001
  4.5000000e-002  4.0116635e-002  4.5000000e-002  2.5952958e-001
  4.6000000e-002  6.6707140e-002  4.6000000e-002  2.7099355e-001
  4.7000000e-002  8.0867042e-002  4.7000000e-002  2.8124813e-001
  4.8000000e-002  8.2122913e-002  4.8000000e-002  2.9007340e-001
  4.9000000e-002  7.1625134e-002  4.9000000e-002  2.9728332e-001
  5.0000000e-002  5.1802539e-002  5.0000000e-002  3.0272821e-001
  5.1000000e-002  2.5876979e-002  5.1000000e-002  3.0629643e-001
  5.2000000e-002  2.6237867e-003  5.2000000e-002  3.0791509e-001
  5.3000000e-002  3.0272027e-002  5.3000000e-002  3.0754994e-001
  5.4000000e-002  5.4044958e-002  5.4000000e-002  3.0520446e-001
  5.5000000e-002  7.1549198e-002  5.5000000e-002  3.0091816e-001
  5.6000000e-002  8.1193977e-002  5.6000000e-002  2.9476438e-001
  5.7000000e-002  8.2324945e-002  5.7000000e-002  2.8684742e-001
  5.8000000e-002  7.5300028e-002  5.8000000e-002  2.7729940e-001
  5.9000000e-002  6.1463056e-002  5.9000000e-002  2.6627676e-001
  6.0000000e-002  4.2969614e-002  6.0000000e-002  2.5395668e-001
  6.1000000e-002  2.2454716e-002  6.1000000e-002  2.4053332e-001
  6.2000000e-002  2.5940004e-003  6.2000000e-002  2.2621424e-001
  6.3000000e-002  1.4334726e-002  6.3000000e-002  2.1121678e-001
  6.4000000e-002  2.6772573e-002  6.4000000e-002  1.9576473e-001
  6.5000000e-002  3.4011384e-002  6.5000000e-002  1.8008508e-001
  6.6000000e-002  3.6137098e-002  6.6000000e-002  1.6440514e-001
  6.7000000e-002  3.3843525e-002  6.7000000e-002  1.4894980e-001
  6.8000000e-002  2.8194579e-002  6.8000000e-002  1.3393910e-001
  6.9000000e-002  2.0397673e-002  6.9000000e-002  1.1958604e-001
  7.0000000e-002  1.1621505e-002  7.0000000e-002  1.0609458e-001
  7.1000000e-002  2.8655388e-003  7.1000000e-002  9.3657897e-002
  7.2000000e-002  5.1253308e-003  7.2000000e-002  8.2456789e-002
  7.3000000e-002  1.1909609e-002  7.3000000e-002  7.2658263e-002
  7.4000000e-002  1.7364615e-002  7.4000000e-002  6.4414219e-002
  7.5000000e-002  2.1663939e-002  7.5000000e-002  5.7860252e-002
  7.6000000e-002  2.5208901e-002  7.6000000e-002  5.3114521e-002
  7.7000000e-002  2.8512032e-002  7.7000000e-002  5.0276675e-002
  7.8000000e-002  3.2047535e-002  7.8000000e-002  4.9426805e-002
  7.9000000e-002  3.6104086e-002  7.9000000e-002  5.0624430e-002
  8.0000000e-002  4.0685009e-002  8.0000000e-002  5.3907491e-002
  8.1000000e-002  4.5488771e-002  8.1000000e-002  5.9291367e-002
  8.2000000e-002  4.9972804e-002  8.2000000e-002  6.6767917e-002
  8.3000000e-002  5.3473931e-002  8.3000000e-002  7.6304571e-002
  8.4000000e-002  5.5345936e-002  8.4000000e-002  8.7843485e-002
  8.5000000e-002  5.5081978e-002  8.5000000e-002  1.0130082e-001
  8.6000000e-002  5.2406297e-002  8.6000000e-002  1.1656616e-001
  8.7000000e-002  4.7333891e-002  8.7000000e-002  1.3350217e-001
  8.8000000e-002  4.0202487e-002  8.8000000e-002  1.5194450e-001
  8.9000000e-002  3.1678713e-002  8.9000000e-002  1.7170208e-001
  9.0000000e-002  2.2733936e-002  9.0000000e-002  1.9255783e-001
  9.1000000e-002  1.4579472e-002  9.1000000e-002  2.1426987e-001
  9.2000000e-002  8.5505124e-003  9.2000000e-002  2.3657336e-001
  9.3000000e-002  5.9365923e-003  9.3000000e-002  2.5918294e-001
  9.4000000e-002  7.7740877e-003  9.4000000e-002  2.8179599e-001
  9.5000000e-002  1.4637985e-002  9.5000000e-002  3.0409654e-001
  9.6000000e-002  2.6484838e-002  9.6000000e-002  3.2576000e-001
  9.7000000e-002  4.2594984e-002  9.7000000e-002  3.4645860e-001
  9.8000000e-002  6.1636394e-002  9.8000000e-002  3.6586749e-001
  9.9000000e-002  8.1835454e-002  9.9000000e-002  3.8367140e-001
  1.0000000e-001  1.0121012e-001  1.0000000e-001  3.9957162e-001
  1.0100000e-001  1.1781262e-001  1.0100000e-001  4.1329321e-001
  1.0200000e-001  1.2994233e-001  1.0200000e-001  4.2459203e-001
  1.0300000e-001  1.3631331e-001  1.0300000e-001  4.3326147e-001
  1.0400000e-001  1.3618081e-001  1.0400000e-001  4.3913849e-001
  1.0500000e-001  1.2943723e-001  1.0500000e-001  4.4210867e-001
  1.0600000e-001  1.1667971e-001  1.0600000e-001  4.4211011e-001
  1.0700000e-001  9.9231277e-002  1.0700000e-001  4.3913581e-001
  1.0800000e-001  7.9077562e-002  1.0800000e-001  4.3323456e-001
  1.0900000e-001  5.8674594e-002  1.0900000e-001  4.2451007e-001
  1.1000000e-001  4.0608270e-002  1.1000000e-001  4.1311852e-001
  1.1100000e-001  2.7145154e-002  1.1100000e-001  3.9926451e-001
  1.1200000e-001  1.9783860e-002  1.1200000e-001  3.8319566e-001
  1.1300000e-001  1.8949154e-002  1.1300000e-001  3.6519603e-001
  1.1400000e-001  2.3931347e-002  1.1400000e-001  3.4557877e-001
  1.1500000e-001  3.3076133e-002  1.1500000e-001  3.2467816e-001
  1.1600000e-001  4.4135306e-002  1.1600000e-001  3.0284152e-001
  1.1700000e-001  5.4652075e-002  1.1700000e-001  2.8042122e-001
  1.1800000e-001  6.2283221e-002  1.1800000e-001  2.5776708e-001
  1.1900000e-001  6.5019924e-002  1.1900000e-001  2.3521938e-001
  1.2000000e-001  6.1321264e-002  1.2000000e-001  2.1310268e-001
  1.2100000e-001  5.0200562e-002  1.2100000e-001  1.9172061e-001
  1.2200000e-001  3.1305873e-002  1.2200000e-001  1.7135153e-001
  1.2300000e-001  5.0196742e-003  1.2300000e-001  1.5224534e-001
  1.2400000e-001  2.7425246e-002  1.2400000e-001  1.3462105e-001
  1.2500000e-001  6.3853345e-002  1.2500000e-001  1.1866545e-001
  1.2600000e-001  1.0115508e-001  1.2600000e-001  1.0453244e-001
  1.2700000e-001  1.3549508e-001  1.2700000e-001  9.2343062e-002
  1.2800000e-001  1.6278940e-001  1.2800000e-001  8.2186212e-002
  1.2900000e-001  1.7942182e-001  1.2900000e-001  7.4119694e-002
  1.3000000e-001  1.8302380e-001  1.3000000e-001  6.8171698e-002
  1.3100000e-001  1.7304328e-001  1.3100000e-001  6.4342523e-002
  1.3200000e-001  1.5087206e-001  1.3200000e-001  6.2606457e-002
  1.3300000e-001  1.1949240e-001  1.3300000e-001  6.2913763e-002
  1.3400000e-001  8.2815222e-002  1.3400000e-001  6.5192691e-002
  1.3500000e-001  4.4974621e-002  1.3500000e-001  6.9351481e-002
  1.3600000e-001  9.7839837e-003  1.3600000e-001  7.5280308e-002
  1.3700000e-001  1.9574278e-002  1.3700000e-001  8.2853168e-002
  1.3800000e-001  4.0665615e-002  1.3800000e-001  9.1929658e-002
  1.3900000e-001  5.1818544e-002  1.3900000e-001  1.0235668e-001
  1.4000000e-001  5.2129125e-002  1.4000000e-001  1.1397002e-001
  1.4100000e-001  4.1516643e-002  1.4100000e-001  1.2659591e-001
  1.4200000e-001  2.0848702e-002  1.4200000e-001  1.4005242e-001
  1.4300000e-001  7.9030208e-003  1.4300000e-001  1.5415089e-001
  1.4400000e-001  4.1582673e-002  1.4400000e-001  1.6869724e-001
  1.4500000e-001  7.6004998e-002  1.4500000e-001  1.8349334e-001
  1.4600000e-001  1.0648420e-001  1.4600000e-001  1.9833829e-001
  1.4700000e-001  1.2872674e-001  1.4700000e-001  2.1302985e-001
  1.4800000e-001  1.3983344e-001  1.4800000e-001  2.2736583e-001
  1.4900000e-001  1.3899141e-001  1.4900000e-001  2.4114554e-001
