  0.0000000e+000  1.0000000e+000  0.0000000e+000  1.0000000e+000
  1.0000000e-003  9.7596376e-001  1.0000000e-003  1.0010421e+000
  2.0000000e-003  9.1237961e-001  2.0000000e-003  9.9733167e-001
  3.0000000e-003  8.1777813e-001  3.0000000e-003  9.8896054e-001
  4.0000000e-003  7.0323393e-001  4.0000000e-003  9.7606763e-001
  5.0000000e-003  5.8038474e-001  5.0000000e-003  9.5883530e-001
  6.0000000e-003  4.5988087e-001  6.0000000e-003  9.3748572e-001
  7.0000000e-003  3.5044281e-001  7.0000000e-003  9.1227696e-001
  8.0000000e-003  2.5845441e-001  8.0000000e-003  8.8349916e-001
  9.0000000e-003  1.8791205e-001  9.0000000e-003  8.5147058e-001
  1.0000000e-002  1.4055757e-001  1.0000000e-002  8.1653380e-001
  1.1000000e-002  1.1608498e-001  1.1000000e-002  7.7905192e-001
  1.2000000e-002  1.1237967e-001  1.2000000e-002  7.3940488e-001
  1.3000000e-002  1.2579989e-001  1.3000000e-002  6.9798578e-001
  1.4000000e-002  1.5153400e-001  1.4000000e-002  6.5519738e-001
  1.5000000e-002  1.8406177e-001  1.5000000e-002  6.1144841e-001
  1.6000000e-002  2.1771911e-001  1.6000000e-002  5.6715011e-001
  1.7000000e-002  2.4732300e-001  1.7000000e-002  5.2271256e-001
  1.8000000e-002  2.6877467e-001  1.8000000e-002  4.7854109e-001
  1.9000000e-002  2.7954081e-001  1.9000000e-002  4.3503255e-001
  2.0000000e-002  2.7892559e-001  2.0000000e-002  3.9257156e-001
  2.1000000e-002  2.6808455e-001  2.1000000e-002  3.5152674e-001
  2.2000000e-002  2.4978119e-001  2.2000000e-002  3.1224693e-001
  2.3000000e-002  2.2792849e-001  2.3000000e-002  2.7505738e-001
  2.4000000e-002  2.0698180e-001  2.4000000e-002  2.4025615e-001
  2.5000000e-002  1.9125833e-001  2.5000000e-002  2.0811056e-001
  2.6000000e-002  1.8426171e-001  2.6000000e-002  1.7885394e-001
  2.7000000e-002  1.8809705e-001  2.7000000e-002  1.5268272e-001
  2.8000000e-002  2.0307094e-001  2.8000000e-002  1.2975392e-001
  2.9000000e-002  2.2756737e-001  2.9000000e-002  1.1018316e-001
  3.0000000e-002  2.5825809e-001  3.0000000e-002  9.4043219e-002
  3.1000000e-002  2.9063504e-001  3.1000000e-002  8.1363336e-002
  3.2000000e-002  3.1976372e-001  3.2000000e-002  7.2129120e-002
  3.3000000e-002  3.4108709e-001  3.3000000e-002  6.6283256e-002
  3.4000000e-002  3.5109939e-001  3.4000000e-002  6.3726936e-002
  3.5000000e-002  3.4776354e-001  3.5000000e-002  6.4322010e-002
  3.6000000e-002  3.3063774e-001  3.6000000e-002  6.7893822e-002
  3.7000000e-002  3.0075975e-001  3.7000000e-002  7.4234657e-002
  3.8000000e-002  2.6038146e-001  3.8000000e-002  8.3107716e-002
  3.9000000e-002  2.1264482e-001  3.9000000e-002  9.4251513e-002
  4.0000000e-002  1.6126010e-001  4.0000000e-002  1.0738458e-001
  4.1000000e-002  1.1020712e-001  4.1000000e-002  1.2221035e-001
  4.2000000e-002  6.3447579e-002  4.2000000e-002  1.3842213e-001
  4.3000000e-002  2.4619605e-002  4.3000000e-002  1.5570801e-001
  4.4000000e-002  3.3084507e-003  4.4000000e-002  1.7375560e-001
  4.5000000e-002  1.8417741e-002  4.5000000e-002  1.9225654e-001
  4.6000000e-002  2.0193865e-002  4.6000000e-002  2.1091064e-001
  4.7000000e-002  9.7467867e-003  4.7000000e-002  2.2942972e-001
  4.8000000e-002  1.0231896e-002  4.8000000e-002  2.4754092e-001
  4.9000000e-002  3.5850128e-002  4.9000000e-002  2.6498956e-001
  5.0000000e-002  6.2691229e-002  5.0000000e-002  2.8154164e-001
  5.1000000e-002  8.6610979e-002  5.1000000e-002  2.9698572e-001
  5.2000000e-002  1.0442539e-001  5.2000000e-002  3.1113452e-001
  5.3000000e-002  1.1431363e-001  5.3000000e-002  3.2382593e-001
  5.4000000e-002  1.1588825e-001  5.4000000e-002  3.3492382e-001
  5.5000000e-002  1.1000421e-001  5.5000000e-002  3.4431833e-001
  5.6000000e-002  9.8431921e-002  5.6000000e-002  3.5192598e-001
  5.7000000e-002  8.3506422e-002  5.7000000e-002  3.5768940e-001
  5.8000000e-002  6.7816104e-002  5.8000000e-002  3.6157694e-001
  5.9000000e-002  5.3944484e-002  5.9000000e-002  3.6358195e-001
  6.0000000e-002  4.4244737e-002  6.0000000e-002  3.6372196e-001
  6.1000000e-002  4.0614448e-002  6.1000000e-002  3.6203769e-001
  6.2000000e-002  4.4247576e-002  6.2000000e-002  3.5859187e-001
  6.3000000e-002  5.5372240e-002  6.3000000e-002  3.5346798e-001
  6.4000000e-002  7.3033239e-002  6.4000000e-002  3.4676881e-001
  6.5000000e-002  9.5029178e-002  6.5000000e-002  3.3861497e-001
  6.6000000e-002  1.1812635e-001  6.6000000e-002  3.2914319e-001
  6.7000000e-002  1.3860126e-001  6.7000000e-002  3.1850452e-001
  6.8000000e-002  1.5301187e-001  6.8000000e-002  3.0686243e-001
  6.9000000e-002  1.5894847e-001  6.9000000e-002  2.9439069e-001
  7.0000000e-002  1.5548903e-001  7.0000000e-002  2.8127120e-001
  7.1000000e-002  1.4322116e-001  7.1000000e-002  2.6769162e-001
  7.2000000e-002  1.2389629e-001  7.2000000e-002  2.5384294e-001
  7.3000000e-002  9.9910547e-002  7.3000000e-002  2.3991682e-001
  7.4000000e-002  7.3805818e-002  7.4000000e-002  2.2610298e-001
  7.5000000e-002  4.7900326e-002  7.5000000e-002  2.1258646e-001
  7.6000000e-002  2.4069228e-002  7.6000000e-002  1.9954481e-001
  7.7000000e-002  3.6437718e-003  7.7000000e-002  1.8714547e-001
  7.8000000e-002  1.2615029e-002  7.8000000e-002  1.7554303e-001
  7.9000000e-002  2.4501830e-002  7.9000000e-002  1.6487677e-001
  8.0000000e-002  3.2327213e-002  8.0000000e-002  1.5526838e-001
  8.1000000e-002  3.6852344e-002  8.1000000e-002  1.4681988e-001
  8.2000000e-002  3.9188066e-002  8.2000000e-002  1.3961197e-001
  8.3000000e-002  4.0647961e-002  8.3000000e-002  1.3370266e-001
  8.4000000e-002  4.2554546e-002  8.4000000e-002  1.2912638e-001
  8.5000000e-002  4.6015784e-002  8.5000000e-002  1.2589360e-001
  8.6000000e-002  5.1708944e-002  8.6000000e-002  1.2399085e-001
  8.7000000e-002  5.9720897e-002  8.7000000e-002  1.2338127e-001
  8.8000000e-002  6.9489228e-002  8.8000000e-002  1.2400569e-001
  8.9000000e-002  7.9866111e-002  8.9000000e-002  1.2578408e-001
  9.0000000e-002  8.9295222e-002  9.0000000e-002  1.2861753e-001
  9.1000000e-002  9.6064955e-002  9.1000000e-002  1.3239052e-001
  9.2000000e-002  9.8588904e-002  9.2000000e-002  1.3697348e-001
  9.3000000e-002  9.5667630e-002  9.3000000e-002  1.4222565e-001
  9.4000000e-002  8.6697166e-002  9.4000000e-002  1.4799803e-001
  9.5000000e-002  7.1801045e-002  9.5000000e-002  1.5413643e-001
  9.6000000e-002  5.1869657e-002  9.6000000e-002  1.6048450e-001
  9.7000000e-002  2.8495360e-002  9.7000000e-002  1.6688672e-001
  9.8000000e-002  3.7993206e-003  9.8000000e-002  1.7319116e-001
  9.9000000e-002  1.9838698e-002  9.9000000e-002  1.7925217e-001
  1.0000000e-001  4.0113924e-002  1.0000000e-001  1.8493274e-001
  1.0100000e-001  5.5137568e-002  1.0100000e-001  1.9010659e-001
  1.0200000e-001  6.3718476e-002  1.0200000e-001  1.9466004e-001
  1.0300000e-001  6.5527954e-002  1.0300000e-001  1.9849342e-001
  1.0400000e-001  6.1118627e-002  1.0400000e-001  2.0152234e-001
  1.0500000e-001  5.1804558e-002  1.0500000e-001  2.0367850e-001
  1.0600000e-001  3.9439382e-002  1.0600000e-001  2.0491026e-001
  1.0700000e-001  2.6142152e-002  1.0700000e-001  2.0518293e-001
  1.0800000e-001  1.4016668e-002  1.0800000e-001  2.0447872e-001
  1.0900000e-001  4.8964892e-003  1.0900000e-001  2.0279653e-001
  1.1000000e-001  1.3395692e-004  1.1000000e-001  2.0015139e-001
  1.1100000e-001  4.4372810e-004  1.1100000e-001  1.9657379e-001
  1.1200000e-001  5.8110012e-003  1.1200000e-001  1.9210875e-001
  1.1300000e-001  1.5478538e-002  1.1300000e-001  1.8681475e-001
  1.1400000e-001  2.8028368e-002  1.1400000e-001  1.8076249e-001
  1.1500000e-001  4.1566905e-002  1.1500000e-001  1.7403352e-001
  1.1600000e-001  5.4002764e-002  1.1600000e-001  1.6671876e-001
  1.1700000e-001  6.3378696e-002  1.1700000e-001  1.5891693e-001
  1.1800000e-001  6.8194498e-002  1.1800000e-001  1.5073286e-001
  1.1900000e-001  6.7650756e-002  1.1900000e-001  1.4227584e-001
  1.2000000e-001  6.1761216e-002  1.2000000e-001  1.3365779e-001
  1.2100000e-001  5.1318431e-002  1.2100000e-001  1.2499156e-001
  1.2200000e-001  3.7736466e-002  1.2200000e-001  1.1638912e-001
  1.2300000e-001  2.2819301e-002  1.2300000e-001  1.0795982e-001
  1.2400000e-001  8.5071729e-003  1.2400000e-001  9.9808734e-002
  1.2500000e-001  3.3597962e-003  1.2500000e-001  9.2035013e-002
  1.2600000e-001  1.1240472e-002  1.2600000e-001  8.4730375e-002
  1.2700000e-001  1.4049426e-002  1.2700000e-001  7.7977702e-002
  1.2800000e-001  1.1273892e-002  1.2800000e-001  7.1849782e-002
  1.2900000e-001  3.0513831e-003  1.2900000e-001  6.6408216e-002
  1.3000000e-001  9.7998446e-003  1.3000000e-001  6.1702496e-002
  1.3100000e-001  2.5814859e-002  1.3100000e-001  5.7769292e-002
  1.3200000e-001  4.3002471e-002  1.3200000e-001  5.4631936e-002
  1.3300000e-001  5.9066440e-002  1.3300000e-001  5.2300123e-002
  1.3400000e-001  7.1718943e-002  1.3400000e-001  5.0769839e-002
  1.3500000e-001  7.9043283e-002  1.3500000e-001  5.0023494e-002
  1.3600000e-001  7.9830737e-002  1.3600000e-001  5.0030281e-002
  1.3700000e-001  7.3805983e-002  1.3700000e-001  5.0746730e-002
  1.3800000e-001  6.1678702e-002  1.3800000e-001  5.2117456e-002
  1.3900000e-001  4.5009325e-002  1.3900000e-001  5.4076085e-002
  1.4000000e-001  2.5931241e-002  1.4000000e-001  5.6546328e-002
  1.4100000e-001  6.8049589e-003  1.4100000e-001  5.9443200e-002
  1.4200000e-001  1.0119094e-002  1.4200000e-001  6.2674339e-002
  1.4300000e-001  2.2975578e-002  1.4300000e-001  6.6141426e-002
  1.4400000e-001  3.0473977e-002  1.4400000e-001  6.9741665e-002
  1.4500000e-001  3.2003462e-002  1.4500000e-001  7.3369312e-002
  1.4600000e-001  2.7663893e-002  1.4600000e-001  7.6917221e-002
  1.4700000e-001  1.8233747e-002  1.4700000e-001  8.0278402e-002
  1.4800000e-001  5.0802807e-003  1.4800000e-001  8.3347565e-002
  1.4900000e-001  9.9871494e-003  1.4900000e-001  8.6022633e-002
