  0.0000000e+000  1.0000000e+000  0.0000000e+000  1.0000000e+000
  1.0000000e-003  9.5235913e-001  1.0000000e-003  1.0110931e+000
  2.0000000e-003  8.7588118e-001  2.0000000e-003  1.0176726e+000
  3.0000000e-003  7.7606301e-001  3.0000000e-003  1.0196102e+000
  4.0000000e-003  6.5966831e-001  4.0000000e-003  1.0168359e+000
  5.0000000e-003  5.3451546e-001  5.0000000e-003  1.0093409e+000
  6.0000000e-003  4.0919006e-001  6.0000000e-003  9.9717828e-001
  7.0000000e-003  2.9259433e-001  7.0000000e-003  9.8046393e-001
  8.0000000e-003  1.9327366e-001  8.0000000e-003  9.5937483e-001
  9.0000000e-003  1.1852518e-001  9.0000000e-003  9.3414670e-001
  1.0000000e-002  7.3395330e-002  1.0000000e-002  9.0507016e-001
  1.1000000e-002  5.9782602e-002  1.1000000e-002  8.7248574e-001
  1.2000000e-002  7.5924788e-002  1.2000000e-002  8.3677782e-001
  1.3000000e-002  1.1650636e-001  1.3000000e-002  7.9836781e-001
  1.4000000e-002  1.7345579e-001  1.4000000e-002  7.5770657e-001
  1.5000000e-002  2.3727507e-001  1.5000000e-002  7.1526657e-001
  1.6000000e-002  2.9856610e-001  1.6000000e-002  6.7153370e-001
  1.7000000e-002  3.4938206e-001  1.7000000e-002  6.2699929e-001
  1.8000000e-002  3.8413900e-001  1.8000000e-002  5.8215226e-001
  1.9000000e-002  4.0000066e-001  1.9000000e-002  5.3747181e-001
  2.0000000e-002  3.9680366e-001  2.0000000e-002  4.9342055e-001
  2.1000000e-002  3.7667040e-001  2.1000000e-002  4.5043852e-001
  2.2000000e-002  3.4346137e-001  2.2000000e-002  4.0893785e-001
  2.3000000e-002  3.0217994e-001  2.3000000e-002  3.6929829e-001
  2.4000000e-002  2.5839182e-001  2.4000000e-002  3.3186363e-001
  2.5000000e-002  2.1768060e-001  2.5000000e-002  2.9693887e-001
  2.6000000e-002  1.8513822e-001  2.6000000e-002  2.6478824e-001
  2.7000000e-002  1.6488392e-001  2.7000000e-002  2.3563397e-001
  2.8000000e-002  1.5961611e-001  2.8000000e-002  2.0965561e-001
  2.9000000e-002  1.7022353e-001  2.9000000e-002  1.8699013e-001
  3.0000000e-002  1.9551070e-001  3.0000000e-002  1.6773235e-001
  3.1000000e-002  2.3211961e-001  3.1000000e-002  1.5193591e-001
  3.2000000e-002  2.7474051e-001  3.2000000e-002  1.3961459e-001
  3.3000000e-002  3.1668117e-001  3.3000000e-002  1.3074388e-001
  3.4000000e-002  3.5079261e-001  3.4000000e-002  1.2526285e-001
  3.5000000e-002  3.7063457e-001  3.5000000e-002  1.2307614e-001
  3.6000000e-002  3.7164309e-001  3.6000000e-002  1.2405615e-001
  3.7000000e-002  3.5199880e-001  3.7000000e-002  1.2804533e-001
  3.8000000e-002  3.1294325e-001  3.8000000e-002  1.3485851e-001
  3.9000000e-002  2.5845247e-001  3.9000000e-002  1.4428543e-001
  4.0000000e-002  1.9438355e-001  4.0000000e-002  1.5609318e-001
  4.1000000e-002  1.2736215e-001  4.1000000e-002  1.7002884e-001
  4.2000000e-002  6.3711019e-002  4.2000000e-002  1.8582212e-001
  4.3000000e-002  8.6412095e-003  4.3000000e-002  2.0318810e-001
  4.4000000e-002  3.4201675e-002  4.4000000e-002  2.2183003e-001
  4.5000000e-002  6.2858976e-002  4.5000000e-002  2.4144219e-001
  4.6000000e-002  7.6936347e-002  4.6000000e-002  2.6171292e-001
  4.7000000e-002  7.7340580e-002  4.7000000e-002  2.8232762e-001
  4.8000000e-002  6.5962246e-002  4.8000000e-002  3.0297190e-001
  4.9000000e-002  4.5360632e-002  4.9000000e-002  3.2333481e-001
  5.0000000e-002  1.8478501e-002  5.0000000e-002  3.4311206e-001
  5.1000000e-002  1.1607501e-002  5.1000000e-002  3.6200935e-001
  5.2000000e-002  4.1907732e-002  5.2000000e-002  3.7974562e-001
  5.3000000e-002  6.9722954e-002  5.3000000e-002  3.9605633e-001
  5.4000000e-002  9.2837759e-002  5.4000000e-002  4.1069668e-001
  5.5000000e-002  1.0970072e-001  5.5000000e-002  4.2344462e-001
  5.6000000e-002  1.1957195e-001  5.6000000e-002  4.3410374e-001
  5.7000000e-002  1.2260295e-001  5.7000000e-002  4.4250597e-001
  5.8000000e-002  1.1980644e-001  5.8000000e-002  4.4851389e-001
  5.9000000e-002  1.1288639e-001  5.9000000e-002  4.5202283e-001
  6.0000000e-002  1.0393322e-001  6.0000000e-002  4.5296239e-001
  6.1000000e-002  9.5037427e-002  6.1000000e-002  4.5129771e-001
  6.2000000e-002  8.7912944e-002  6.2000000e-002  4.4703014e-001
  6.3000000e-002  8.3625255e-002  6.3000000e-002  4.4019737e-001
  6.4000000e-002  8.2484799e-002  6.4000000e-002  4.3087311e-001
  6.5000000e-002  8.4109944e-002  6.5000000e-002  4.1916612e-001
  6.6000000e-002  8.7615700e-002  6.6000000e-002  4.0521879e-001
  6.7000000e-002  9.1862803e-002  6.7000000e-002  3.8920508e-001
  6.8000000e-002  9.5707430e-002  6.8000000e-002  3.7132802e-001
  6.9000000e-002  9.8211771e-002  6.9000000e-002  3.5181677e-001
  7.0000000e-002  9.8795849e-002  7.0000000e-002  3.3092318e-001
  7.1000000e-002  9.7323390e-002  7.1000000e-002  3.0891810e-001
  7.2000000e-002  9.4118259e-002  7.2000000e-002  2.8608729e-001
  7.3000000e-002  8.9907424e-002  7.3000000e-002  2.6272727e-001
  7.4000000e-002  8.5687876e-002  7.4000000e-002  2.3914088e-001
  7.5000000e-002  8.2524177e-002  7.5000000e-002  2.1563290e-001
  7.6000000e-002  8.1302145e-002  7.6000000e-002  1.9250559e-001
  7.7000000e-002  8.2487105e-002  7.7000000e-002  1.7005440e-001
  7.8000000e-002  8.5949533e-002  7.8000000e-002  1.4856377e-001
  7.9000000e-002  9.0913301e-002  7.9000000e-002  1.2830316e-001
  8.0000000e-002  9.6048649e-002  8.0000000e-002  1.0952330e-001
  8.1000000e-002  9.9686244e-002  8.1000000e-002  9.2452853e-002
  8.2000000e-002  1.0009316e-001  8.2000000e-002  7.7295273e-002
  8.3000000e-002  9.5742819e-002  8.3000000e-002  6.4226160e-002
  8.4000000e-002  8.5528846e-002  8.4000000e-002  5.3390954e-002
  8.5000000e-002  6.8902681e-002  8.5000000e-002  4.4903063e-002
  8.6000000e-002  4.5940622e-002  8.6000000e-002  3.8842438e-002
  8.7000000e-002  1.7358149e-002  8.7000000e-002  3.5254590e-002
  8.8000000e-002  1.5512021e-002  8.8000000e-002  3.4150071e-002
  8.9000000e-002  5.0772280e-002  8.9000000e-002  3.5504429e-002
  9.0000000e-002  8.6050717e-002  9.0000000e-002  3.9258626e-002
  9.1000000e-002  1.1864920e-001  9.1000000e-002  4.5319939e-002
  9.2000000e-002  1.4577128e-001  9.2000000e-002  5.3563333e-002
  9.3000000e-002  1.6484077e-001  9.3000000e-002  6.3833299e-002
  9.4000000e-002  1.7389150e-001  9.4000000e-002  7.5946154e-002
  9.5000000e-002  1.7196366e-001  9.5000000e-002  8.9692769e-002
  9.6000000e-002  1.5939942e-001  9.6000000e-002  1.0484173e-001
  9.7000000e-002  1.3792097e-001  9.7000000e-002  1.2114284e-001
  9.8000000e-002  1.1042017e-001  9.8000000e-002  1.3833103e-001
  9.9000000e-002  8.0484445e-002  9.9000000e-002  1.5613042e-001
  1.0000000e-001  5.1782908e-002  1.0000000e-001  1.7425875e-001
  1.0100000e-001  2.7483273e-002  1.0100000e-001  1.9243183e-001
  1.0200000e-001  9.8407546e-003  1.0200000e-001  2.1036808e-001
  1.0300000e-001  1.9256803e-005  1.0300000e-001  2.2779304e-001
  1.0400000e-001  1.8770862e-003  1.0400000e-001  2.4444374e-001
  1.0500000e-001  3.3685860e-003  1.0500000e-001  2.6007284e-001
  1.0600000e-001  1.4323551e-002  1.0600000e-001  2.7445241e-001
  1.0700000e-001  2.9152454e-002  1.0700000e-001  2.8737736e-001
  1.0800000e-001  4.5844638e-002  1.0800000e-001  2.9866833e-001
  1.0900000e-001  6.2414714e-002  1.0900000e-001  3.0817400e-001
  1.1000000e-001  7.7080900e-002  1.1000000e-001  3.1577289e-001
  1.1100000e-001  8.8427181e-002  1.1100000e-001  3.2137441e-001
  1.1200000e-001  9.5548497e-002  1.1200000e-001  3.2491937e-001
  1.1300000e-001  9.8165715e-002  1.1300000e-001  3.2637979e-001
  1.1400000e-001  9.6683366e-002  1.1400000e-001  3.2575813e-001
  1.1500000e-001  9.2155194e-002  1.1500000e-001  3.2308597e-001
  1.1600000e-001  8.6129233e-002  1.1600000e-001  3.1842222e-001
  1.1700000e-001  8.0371491e-002  1.1700000e-001  3.1185086e-001
  1.1800000e-001  7.6510871e-002  1.1800000e-001  3.0347841e-001
  1.1900000e-001  7.5689275e-002  1.1900000e-001  2.9343109e-001
  1.2000000e-001  7.8314626e-002  1.2000000e-001  2.8185185e-001
  1.2100000e-001  8.3986917e-002  1.2100000e-001  2.6889736e-001
  1.2200000e-001  9.1609013e-002  1.2200000e-001  2.5473489e-001
  1.2300000e-001  9.9635065e-002  1.2300000e-001  2.3953935e-001
  1.2400000e-001  1.0637779e-001  1.2400000e-001  2.2349046e-001
  1.2500000e-001  1.1029927e-001  1.2500000e-001  2.0677003e-001
  1.2600000e-001  1.1023645e-001  1.2600000e-001  1.8955951e-001
  1.2700000e-001  1.0554337e-001  1.2700000e-001  1.7203772e-001
  1.2800000e-001  9.6154218e-002  1.2800000e-001  1.5437895e-001
  1.2900000e-001  8.2581740e-002  1.2900000e-001  1.3675116e-001
  1.3000000e-001  6.5865169e-002  1.3000000e-001  1.1931459e-001
  1.3100000e-001  4.7477751e-002  1.3100000e-001  1.0222051e-001
  1.3200000e-001  2.9198096e-002  1.3200000e-001  8.5610284e-002
  1.3300000e-001  1.2946261e-002  1.3300000e-001  6.9614586e-002
  1.3400000e-001  5.8582481e-004  1.3400000e-001  5.4352858e-002
  1.3500000e-001  6.3014948e-003  1.3500000e-001  3.9932914e-002
  1.3600000e-001  6.6517180e-003  1.3600000e-001  2.6450695e-002
  1.3700000e-001  1.3423575e-004  1.3700000e-001  1.3990147e-002
  1.3800000e-001  1.2696572e-002  1.3800000e-001  2.6231950e-003
  1.3900000e-001  3.0362814e-002  1.3900000e-001  7.5902056e-003
  1.4000000e-001  5.0576857e-002  1.4000000e-001  1.6601963e-002
  1.4100000e-001  7.0517818e-002  1.4100000e-001  2.4375704e-002
  1.4200000e-001  8.7238395e-002  1.4200000e-001  3.0886606e-002
  1.4300000e-001  9.8127505e-002  1.4300000e-001  3.6121219e-002
  1.4400000e-001  1.0133116e-001  1.4400000e-001  4.0077284e-002
  1.4500000e-001  9.6042201e-002  1.4500000e-001  4.2763553e-002
  1.4600000e-001  8.2606062e-002  1.4600000e-001  4.4199626e-002
  1.4700000e-001  6.2438869e-002  1.4700000e-001  4.4415777e-002
  1.4800000e-001  3.7795524e-002  1.4800000e-001  4.3452792e-002
  1.4900000e-001  1.1447132e-002  1.4900000e-001  4.1361795e-002
