  0.0000000e+000  1.0000000e+000  0.0000000e+000  1.0000000e+000
  1.0000000e-003  9.5943214e-001  1.0000000e-003  9.9397398e-001
  2.0000000e-003  8.8669173e-001  2.0000000e-003  9.8461883e-001
  3.0000000e-003  7.8858166e-001  3.0000000e-003  9.7203565e-001
  4.0000000e-003  6.7329045e-001  4.0000000e-003  9.5634494e-001
  5.0000000e-003  5.4966640e-001  5.0000000e-003  9.3768438e-001
  6.0000000e-003  4.2656146e-001  6.0000000e-003  9.1620663e-001
  7.0000000e-003  3.1222698e-001  7.0000000e-003  8.9207739e-001
  8.0000000e-003  2.1374573e-001  8.0000000e-003  8.6547344e-001
  9.0000000e-003  1.3650899e-001  9.0000000e-003  8.3658110e-001
  1.0000000e-002  8.3780714e-002  1.0000000e-002  8.0559474e-001
  1.1000000e-002  5.6417182e-002  1.1000000e-002  7.7271566e-001
  1.2000000e-002  5.2815828e-002  1.2000000e-002  7.3815123e-001
  1.3000000e-002  6.9143910e-002  1.3000000e-002  7.0211423e-001
  1.4000000e-002  9.9848885e-002  1.4000000e-002  6.6482253e-001
  1.5000000e-002  1.3839210e-001  1.5000000e-002  6.2649894e-001
  1.6000000e-002  1.7809653e-001  1.6000000e-002  5.8737129e-001
  1.7000000e-002  2.1297536e-001  1.7000000e-002  5.4767265e-001
  1.8000000e-002  2.3841724e-001  1.8000000e-002  5.0764162e-001
  1.9000000e-002  2.5164019e-001  1.9000000e-002  4.6752267e-001
  2.0000000e-002  2.5187262e-001  2.0000000e-002  4.2756640e-001
  2.1000000e-002  2.4026477e-001  2.1000000e-002  3.8802958e-001
  2.2000000e-002  2.1956570e-001  2.2000000e-002  3.4917496e-001
  2.3000000e-002  1.9362153e-001  2.3000000e-002  3.1127061e-001
  2.4000000e-002  1.6676224e-001  2.4000000e-002  2.7458871e-001
  2.5000000e-002  1.4315209e-001  2.5000000e-002  2.3940363e-001
  2.6000000e-002  1.2618390e-001  2.6000000e-002  2.0598928e-001
  2.7000000e-002  1.1799792e-001  2.7000000e-002  1.7461538e-001
  2.8000000e-002  1.1919586e-001  2.8000000e-002  1.4554292e-001
  2.9000000e-002  1.2879699e-001  2.9000000e-002  1.1901858e-001
  3.0000000e-002  1.4444485e-001  3.0000000e-002  9.5268277e-002
  3.1000000e-002  1.6282734e-001  3.1000000e-002  7.4490052e-002
  3.2000000e-002  1.8023173e-001  3.2000000e-002  5.6846592e-002
  3.3000000e-002  1.9313113e-001  3.3000000e-002  4.2457760e-002
  3.4000000e-002  1.9869913e-001  3.4000000e-002  3.1393683e-002
  3.5000000e-002  1.9517237e-001  3.5000000e-002  2.3668934e-002
  3.6000000e-002  1.8202024e-001  3.6000000e-002  1.9238398e-002
  3.7000000e-002  1.5992241e-001  3.7000000e-002  1.7995328e-002
  3.8000000e-002  1.3058833e-001  3.8000000e-002  1.9771992e-002
  3.9000000e-002  9.6472309e-002  3.9000000e-002  2.4343112e-002
  4.0000000e-002  6.0440947e-002  4.0000000e-002  3.1432074e-002
  4.1000000e-002  2.5441977e-002  4.1000000e-002  4.0719631e-002
  4.2000000e-002  5.7909243e-003  4.2000000e-002  5.1854585e-002
  4.3000000e-002  3.0978538e-002  4.3000000e-002  6.4465771e-002
  4.4000000e-002  4.8475977e-002  4.4000000e-002  7.8174540e-002
  4.5000000e-002  5.7394495e-002  4.5000000e-002  9.2606940e-002
  4.6000000e-002  5.7669992e-002  4.6000000e-002  1.0740485e-001
  4.7000000e-002  5.0079052e-002  4.7000000e-002  1.2223553e-001
  4.8000000e-002  3.6194228e-002  4.8000000e-002  1.3679904e-001
  4.9000000e-002  1.8258665e-002  4.9000000e-002  1.5083361e-001
  5.0000000e-002  1.0471916e-003  5.0000000e-002  1.6411864e-001
  5.1000000e-002  1.8965880e-002  5.1000000e-002  1.7647578e-001
  5.2000000e-002  3.3133148e-002  5.2000000e-002  1.8776811e-001
  5.3000000e-002  4.2075233e-002  5.3000000e-002  1.9789810e-001
  5.4000000e-002  4.5581098e-002  5.4000000e-002  2.0680432e-001
  5.5000000e-002  4.4780386e-002  5.5000000e-002  2.1445765e-001
  5.6000000e-002  4.1840773e-002  5.6000000e-002  2.2085705e-001
  5.7000000e-002  3.9361044e-002  5.7000000e-002  2.2602522e-001
  5.8000000e-002  3.9678588e-002  5.8000000e-002  2.3000450e-001
  5.9000000e-002  4.4331826e-002  5.9000000e-002  2.3285290e-001
  6.0000000e-002  5.3813940e-002  6.0000000e-002  2.3464061e-001
  6.1000000e-002  6.7610839e-002  6.1000000e-002  2.3544690e-001
  6.2000000e-002  8.4423542e-002  6.2000000e-002  2.3535745e-001
  6.3000000e-002  1.0245968e-001  6.3000000e-002  2.3446213e-001
  6.4000000e-002  1.1971290e-001  6.4000000e-002  2.3285318e-001
  6.5000000e-002  1.3419361e-001  6.5000000e-002  2.3062377e-001
  6.6000000e-002  1.4410774e-001  6.6000000e-002  2.2786686e-001
  6.7000000e-002  1.4799565e-001  6.7000000e-002  2.2467437e-001
  6.8000000e-002  1.4484708e-001  6.8000000e-002  2.2113658e-001
  6.9000000e-002  1.3420302e-001  6.9000000e-002  2.1734165e-001
  7.0000000e-002  1.1624680e-001  7.0000000e-002  2.1337541e-001
  7.1000000e-002  9.1875499e-002  7.1000000e-002  2.0932110e-001
  7.2000000e-002  6.2730391e-002  7.2000000e-002  2.0525933e-001
  7.3000000e-002  3.1153770e-002  7.3000000e-002  2.0126798e-001
  7.4000000e-002  3.4454128e-005  7.4000000e-002  1.9742212e-001
  7.5000000e-002  2.7487093e-002  7.5000000e-002  1.9379395e-001
  7.6000000e-002  4.8452542e-002  7.6000000e-002  1.9045265e-001
  7.7000000e-002  6.0603564e-002  7.7000000e-002  1.8746419e-001
  7.8000000e-002  6.2867480e-002  7.8000000e-002  1.8489100e-001
  7.9000000e-002  5.5657510e-002  7.9000000e-002  1.8279158e-001
  8.0000000e-002  4.0858255e-002  8.0000000e-002  1.8121993e-001
  8.1000000e-002  2.1461197e-002  8.1000000e-002  1.8022482e-001
  8.2000000e-002  9.4224061e-004  8.2000000e-002  1.7984894e-001
  8.3000000e-002  1.7433672e-002  8.3000000e-002  1.8012784e-001
  8.4000000e-002  3.1186723e-002  8.4000000e-002  1.8108870e-001
  8.5000000e-002  3.8951222e-002  8.5000000e-002  1.8274901e-001
  8.6000000e-002  4.0536332e-002  8.6000000e-002  1.8511506e-001
  8.7000000e-002  3.6774572e-002  8.7000000e-002  1.8818042e-001
  8.8000000e-002  2.9247565e-002  8.8000000e-002  1.9192440e-001
  8.9000000e-002  1.9972035e-002  8.9000000e-002  1.9631066e-001
  9.0000000e-002  1.1102403e-002  9.0000000e-002  2.0128599e-001
  9.1000000e-002  4.6771690e-003  9.1000000e-002  2.0677952e-001
  9.2000000e-002  2.4141844e-003  9.2000000e-002  2.1270238e-001
  9.3000000e-002  5.5476189e-003  9.3000000e-002  2.1894804e-001
  9.4000000e-002  1.4696053e-002  9.4000000e-002  2.2539345e-001
  9.5000000e-002  2.9755371e-002  9.5000000e-002  2.3190106e-001
  9.6000000e-002  4.9820856e-002  9.6000000e-002  2.3832169e-001
  9.7000000e-002  7.3159002e-002  9.7000000e-002  2.4449840e-001
  9.8000000e-002  9.7267535e-002  9.8000000e-002  2.5027101e-001
  9.9000000e-002  1.1907362e-001  9.9000000e-002  2.5548125e-001
  1.0000000e-001  1.3531044e-001  1.0000000e-001  2.5997819e-001
  1.0100000e-001  1.4306627e-001  1.0100000e-001  2.6362358e-001
  1.0200000e-001  1.4041632e-001  1.0200000e-001  2.6629685e-001
  1.0300000e-001  1.2696011e-001  1.0300000e-001  2.6789937e-001
  1.0400000e-001  1.0405737e-001  1.0400000e-001  2.6835764e-001
  1.0500000e-001  7.4636006e-002  1.0500000e-001  2.6762534e-001
  1.0600000e-001  4.2613464e-002  1.0600000e-001  2.6568406e-001
  1.0700000e-001  1.2130590e-002  1.0700000e-001  2.6254278e-001
  1.0800000e-001  1.3154405e-002  1.0800000e-001  2.5823617e-001
  1.0900000e-001  3.0538637e-002  1.0900000e-001  2.5282201e-001
  1.1000000e-001  3.8469515e-002  1.1000000e-001  2.4637791e-001
  1.1100000e-001  3.6519368e-002  1.1100000e-001  2.3899758e-001
  1.1200000e-001  2.5236302e-002  1.1200000e-001  2.3078702e-001
  1.1300000e-001  5.9558612e-003  1.1300000e-001  2.2186074e-001
  1.1400000e-001  1.9376310e-002  1.1400000e-001  2.1233827e-001
  1.1500000e-001  4.8355244e-002  1.1500000e-001  2.0234105e-001
  1.1600000e-001  7.8250710e-002  1.1600000e-001  1.9198977e-001
  1.1700000e-001  1.0614904e-001  1.1700000e-001  1.8140218e-001
  1.1800000e-001  1.2913186e-001  1.1800000e-001  1.7069144e-001
  1.1900000e-001  1.4451506e-001  1.1900000e-001  1.5996484e-001
  1.2000000e-001  1.5015274e-001  1.2000000e-001  1.4932289e-001
  1.2100000e-001  1.4477946e-001  1.2100000e-001  1.3885885e-001
  1.2200000e-001  1.2832467e-001  1.2200000e-001  1.2865832e-001
  1.2300000e-001  1.0210230e-001  1.2300000e-001  1.1879919e-001
  1.2400000e-001  6.8778691e-002  1.2400000e-001  1.0935160e-001
  1.2500000e-001  3.2067955e-002  1.2500000e-001  1.0037802e-001
  1.2600000e-001  3.8106213e-003  1.2600000e-001  9.1933358e-002
  1.2700000e-001  3.4793144e-002  1.2700000e-001  8.4065046e-002
  1.2800000e-001  5.7587852e-002  1.2800000e-001  7.6813143e-002
  1.2900000e-001  7.0110433e-002  1.2900000e-001  7.0210353e-002
  1.3000000e-001  7.1671733e-002  1.3000000e-001  6.4282024e-002
  1.3100000e-001  6.2929099e-002  1.3100000e-001  5.9046090e-002
  1.3200000e-001  4.5661985e-002  1.3200000e-001  5.4512975e-002
  1.3300000e-001  2.2444939e-002  1.3300000e-001  5.0685467e-002
  1.3400000e-001  3.7214003e-003  1.3400000e-001  4.7558589e-002
  1.3500000e-001  2.9779955e-002  1.3500000e-001  4.5119475e-002
  1.3600000e-001  5.2959781e-002  1.3600000e-001  4.3347286e-002
  1.3700000e-001  7.1068364e-002  1.3700000e-001  4.2213196e-002
  1.3800000e-001  8.2709772e-002  1.3800000e-001  4.1680460e-002
  1.3900000e-001  8.7405567e-002  1.3900000e-001  4.1704611e-002
  1.4000000e-001  8.5602647e-002  1.4000000e-001  4.2233790e-002
  1.4100000e-001  7.8566757e-002  1.4100000e-001  4.3209242e-002
  1.4200000e-001  6.8178242e-002  1.4200000e-001  4.4565981e-002
  1.4300000e-001  5.6661437e-002  1.4300000e-001  4.6233631e-002
  1.4400000e-001  4.6285855e-002  1.4400000e-001  4.8137433e-002
  1.4500000e-001  3.9075242e-002  1.4500000e-001  5.0199407e-002
  1.4600000e-001  3.6553009e-002  1.4600000e-001  5.2339645e-002
  1.4700000e-001  3.9544997e-002  1.4700000e-001  5.4477688e-002
  1.4800000e-001  4.8057080e-002  1.4800000e-001  5.6533964e-002
  1.4900000e-001  6.1245760e-002  1.4900000e-001  5.8431228e-002
