  0.0000000e+000  1.0000000e+000  0.0000000e+000  1.0000000e+000
  1.0000000e-003  9.1252438e-001  1.0000000e-003  9.8997743e-001
  2.0000000e-003  8.0490855e-001  2.0000000e-003  9.7552758e-001
  3.0000000e-003  6.8702823e-001  3.0000000e-003  9.5684018e-001
  4.0000000e-003  5.6751599e-001  4.0000000e-003  9.3414968e-001
  5.0000000e-003  4.5364403e-001  5.0000000e-003  9.0773043e-001
  6.0000000e-003  3.5151906e-001  6.0000000e-003  8.7789116e-001
  7.0000000e-003  2.6633864e-001  7.0000000e-003  8.4496920e-001
  8.0000000e-003  2.0251124e-001  8.0000000e-003  8.0932441e-001
  9.0000000e-003  1.6348353e-001  9.0000000e-003  7.7133316e-001
  1.0000000e-002  1.5117490e-001  1.0000000e-002  7.3138234e-001
  1.1000000e-002  1.6505776e-001  1.1000000e-002  6.8986371e-001
  1.2000000e-002  2.0119323e-001  1.2000000e-002  6.4716856e-001
  1.3000000e-002  2.5185222e-001  1.3000000e-002  6.0368288e-001
  1.4000000e-002  3.0640844e-001  1.4000000e-002  5.5978305e-001
  1.5000000e-002  3.5363575e-001  1.5000000e-002  5.1583210e-001
  1.6000000e-002  3.8456193e-001  1.6000000e-002  4.7217654e-001
  1.7000000e-002  3.9449167e-001  1.7000000e-002  4.2914382e-001
  1.8000000e-002  3.8334646e-001  1.8000000e-002  3.8704031e-001
  1.9000000e-002  3.5457219e-001  1.9000000e-002  3.4614978e-001
  2.0000000e-002  3.1352310e-001  2.0000000e-002  3.0673247e-001
  2.1000000e-002  2.6611070e-001  2.1000000e-002  2.6902443e-001
  2.2000000e-002  2.1803162e-001  2.2000000e-002  2.3323730e-001
  2.3000000e-002  1.7451599e-001  2.3000000e-002  1.9955839e-001
  2.4000000e-002  1.4039255e-001  2.4000000e-002  1.6815091e-001
  2.5000000e-002  1.2025835e-001  2.5000000e-002  1.3915449e-001
  2.6000000e-002  1.1855858e-001  2.6000000e-002  1.1268566e-001
  2.7000000e-002  1.3936669e-001  2.7000000e-002  8.8838555e-002
  2.8000000e-002  1.8561743e-001  2.8000000e-002  6.7685459e-002
  2.9000000e-002  2.5758555e-001  2.9000000e-002  4.9277463e-002
  3.0000000e-002  3.5074378e-001  3.0000000e-002  3.3644988e-002
  3.1000000e-002  4.5398113e-001  3.1000000e-002  2.0798241e-002
  3.2000000e-002  5.5013373e-001  3.2000000e-002  1.0727575e-002
  3.3000000e-002  6.2037581e-001  3.3000000e-002  3.4037346e-003
  3.4000000e-002  6.5108470e-001  3.4000000e-002  1.2219997e-003
  3.5000000e-002  6.3873613e-001  3.5000000e-002  3.2177676e-003
  3.6000000e-002  5.8954693e-001  3.6000000e-002  2.6711572e-003
  3.7000000e-002  5.1511116e-001  3.7000000e-002  3.1072453e-004
  3.8000000e-002  4.2770369e-001  3.8000000e-002  5.6011802e-003
  3.9000000e-002  3.3755417e-001  3.9000000e-002  1.3053906e-002
  4.0000000e-002  2.5214857e-001  4.0000000e-002  2.2503091e-002
  4.1000000e-002  1.7664199e-001  4.1000000e-002  3.3763710e-002
  4.2000000e-002  1.1457037e-001  4.2000000e-002  4.6632086e-002
  4.3000000e-002  6.8426301e-002  4.3000000e-002  6.0886805e-002
  4.4000000e-002  3.9926539e-002  4.4000000e-002  7.6290067e-002
  4.5000000e-002  2.9922612e-002  4.5000000e-002  9.2589552e-002
  4.6000000e-002  3.7982280e-002  4.6000000e-002  1.0952086e-001
  4.7000000e-002  6.1789779e-002  4.7000000e-002  1.2681057e-001
  4.8000000e-002  9.6698678e-002  4.8000000e-002  1.4417992e-001
  4.9000000e-002  1.3590876e-001  4.9000000e-002  1.6134909e-001
  5.0000000e-002  1.7158773e-001  5.0000000e-002  1.7804204e-001
  5.1000000e-002  1.9671061e-001  5.1000000e-002  1.9399175e-001
  5.2000000e-002  2.0679657e-001  5.2000000e-002  2.0894573e-001
  5.3000000e-002  2.0069141e-001  5.3000000e-002  2.2267161e-001
  5.4000000e-002  1.8017712e-001  5.4000000e-002  2.3496251e-001
  5.5000000e-002  1.4888089e-001  5.5000000e-002  2.4564205e-001
  5.6000000e-002  1.1114464e-001  5.6000000e-002  2.5456861e-001
  5.7000000e-002  7.1255240e-002  5.7000000e-002  2.6163878e-001
  5.8000000e-002  3.3097181e-002  5.8000000e-002  2.6678959e-001
  5.9000000e-002  9.8838770e-005  5.9000000e-002  2.6999958e-001
  6.0000000e-002  2.4701856e-002  6.0000000e-002  2.7128859e-001
  6.1000000e-002  3.8629479e-002  6.1000000e-002  2.7071611e-001
  6.2000000e-002  3.9514847e-002  6.2000000e-002  2.6837864e-001
  6.3000000e-002  2.6114008e-002  6.3000000e-002  2.6440578e-001
  6.4000000e-002  1.1833010e-003  6.4000000e-002  2.5895562e-001
  6.5000000e-002  3.9558132e-002  6.5000000e-002  2.5220950e-001
  6.6000000e-002  8.3397398e-002  6.6000000e-002  2.4436636e-001
  6.7000000e-002  1.2500825e-001  6.7000000e-002  2.3563712e-001
  6.8000000e-002  1.5658427e-001  6.8000000e-002  2.2623911e-001
  6.9000000e-002  1.7260030e-001  6.9000000e-002  2.1639088e-001
  7.0000000e-002  1.7126780e-001  7.0000000e-002  2.0630753e-001
  7.1000000e-002  1.5434582e-001  7.1000000e-002  1.9619662e-001
  7.2000000e-002  1.2579628e-001  7.2000000e-002  1.8625472e-001
  7.3000000e-002  9.0283530e-002  7.3000000e-002  1.7666471e-001
  7.4000000e-002  5.2169978e-002  7.4000000e-002  1.6759360e-001
  7.5000000e-002  1.5106545e-002  7.5000000e-002  1.5919115e-001
  7.6000000e-002  1.7976736e-002  7.6000000e-002  1.5158881e-001
  7.7000000e-002  4.4707841e-002  7.7000000e-002  1.4489930e-001
  7.8000000e-002  6.3097372e-002  7.8000000e-002  1.3921644e-001
  7.9000000e-002  7.1446249e-002  7.9000000e-002  1.3461531e-001
  8.0000000e-002  6.8398658e-002  8.0000000e-002  1.3115264e-001
  8.1000000e-002  5.3184108e-002  8.1000000e-002  1.2886729e-001
  8.2000000e-002  2.6054734e-002  8.2000000e-002  1.2778082e-001
  8.3000000e-002  1.1172885e-002  8.3000000e-002  1.2789809e-001
  8.4000000e-002  5.4725431e-002  8.4000000e-002  1.2920787e-001
  8.5000000e-002  9.9020488e-002  8.5000000e-002  1.3168334e-001
  8.6000000e-002  1.3764292e-001  8.6000000e-002  1.3528261e-001
  8.7000000e-002  1.6497126e-001  8.7000000e-002  1.3994919e-001
  8.8000000e-002  1.7772192e-001  8.8000000e-002  1.4561235e-001
  8.9000000e-002  1.7561369e-001  8.9000000e-002  1.5218753e-001
  9.0000000e-002  1.6093576e-001  9.0000000e-002  1.5957668e-001
  9.1000000e-002  1.3747144e-001  9.1000000e-002  1.6766876e-001
  9.2000000e-002  1.0941485e-001  9.2000000e-002  1.7634018e-001
  9.3000000e-002  8.0652050e-002  9.3000000e-002  1.8545552e-001
  9.4000000e-002  5.4440001e-002  9.4000000e-002  1.9486833e-001
  9.5000000e-002  3.3337556e-002  9.5000000e-002  2.0442233e-001
  9.6000000e-002  1.9218158e-002  9.6000000e-002  2.1395274e-001
  9.7000000e-002  1.3238920e-002  9.7000000e-002  2.2328817e-001
  9.8000000e-002  1.5702896e-002  9.8000000e-002  2.3225275e-001
  9.9000000e-002  2.5825109e-002  9.9000000e-002  2.4066877e-001
  1.0000000e-001  4.1508390e-002  1.0000000e-001  2.4835968e-001
  1.0100000e-001  5.9332955e-002  1.0100000e-001  2.5515357e-001
  1.0200000e-001  7.4980684e-002  1.0200000e-001  2.6088683e-001
  1.0300000e-001  8.4145636e-002  1.0300000e-001  2.6540812e-001
  1.0400000e-001  8.3652199e-002  1.0400000e-001  2.6858241e-001
  1.0500000e-001  7.2269157e-002  1.0500000e-001  2.7029488e-001
  1.0600000e-001  5.0842291e-002  1.0600000e-001  2.7045458e-001
  1.0700000e-001  2.1788732e-002  1.0700000e-001  2.6899760e-001
  1.0800000e-001  1.1675997e-002  1.0800000e-001  2.6588956e-001
  1.0900000e-001  4.6200833e-002  1.0900000e-001  2.6112727e-001
  1.1000000e-001  7.8677619e-002  1.1000000e-001  2.5473939e-001
  1.1100000e-001  1.0635498e-001  1.1100000e-001  2.4678605e-001
  1.1200000e-001  1.2679517e-001  1.1200000e-001  2.3735743e-001
  1.1300000e-001  1.3778700e-001  1.1300000e-001  2.2657123e-001
  1.1400000e-001  1.3730575e-001  1.1400000e-001  2.1456939e-001
  1.1500000e-001  1.2359227e-001  1.1500000e-001  2.0151394e-001
  1.1600000e-001  9.5409256e-002  1.1600000e-001  1.8758246e-001
  1.1700000e-001  5.2502619e-002  1.1700000e-001  1.7296320e-001
  1.1800000e-001  3.7838414e-003  1.1800000e-001  1.5785016e-001
  1.1900000e-001  6.9938926e-002  1.1900000e-001  1.4243840e-001
  1.2000000e-001  1.4012265e-001  1.2000000e-001  1.2691969e-001
  1.2100000e-001  2.0679565e-001  1.2100000e-001  1.1147865e-001
  1.2200000e-001  2.6221632e-001  1.2200000e-001  9.6289583e-002
  1.2300000e-001  3.0031990e-001  1.2300000e-001  8.1513903e-002
  1.2400000e-001  3.1812202e-001  1.2400000e-001  6.7298281e-002
  1.2500000e-001  3.1602516e-001  1.2500000e-001  5.3773427e-002
  1.2600000e-001  2.9708043e-001  1.2600000e-001  4.1053455e-002
  1.2700000e-001  2.6577128e-001  1.2700000e-001  2.9235775e-002
  1.2800000e-001  2.2690539e-001  1.2800000e-001  1.8401392e-002
  1.2900000e-001  1.8490393e-001  1.2900000e-001  8.6155475e-003
  1.3000000e-001  1.4348582e-001  1.3000000e-001  7.1404902e-005
  1.3100000e-001  1.0560767e-001  1.3100000e-001  7.6229600e-003
  1.3200000e-001  7.3511480e-002  1.3200000e-001  1.4015342e-002
  1.3300000e-001  4.8778401e-002  1.3300000e-001  1.9236359e-002
  1.3400000e-001  3.2341788e-002  1.3400000e-001  2.3284291e-002
  1.3500000e-001  2.4458846e-002  1.3500000e-001  2.6166840e-002
  1.3600000e-001  2.4675439e-002  1.3600000e-001  2.7900186e-002
  1.3700000e-001  3.1837794e-002  1.3700000e-001  2.8508151e-002
  1.3800000e-001  4.4200094e-002  1.3800000e-001  2.8021505e-002
  1.3900000e-001  5.9644043e-002  1.3900000e-001  2.6477398e-002
  1.4000000e-001  7.5976888e-002  1.4000000e-001  2.3918936e-002
  1.4100000e-001  9.1234378e-002  1.4100000e-001  2.0394887e-002
  1.4200000e-001  1.0390943e-001  1.4200000e-001  1.5959504e-002
  1.4300000e-001  1.1305852e-001  1.4300000e-001  1.0672465e-002
  1.4400000e-001  1.1828526e-001  1.4400000e-001  4.5988972e-003
  1.4500000e-001  1.1963700e-001  1.4500000e-001  2.1905210e-003
  1.4600000e-001  1.1746273e-001  1.4600000e-001  9.6194184e-003
  1.4700000e-001  1.1227291e-001  1.4700000e-001  1.7605570e-002
  1.4800000e-001  1.0462520e-001  1.4800000e-001  2.6060756e-002
  1.4900000e-001  9.5045316e-002  1.4900000e-001  3.4890677e-002
