  0.0000000e+000  1.0000000e+000  0.0000000e+000  1.0000000e+000
  1.0000000e-003  9.8052355e-001  1.0000000e-003  9.8654090e-001
  2.0000000e-003  9.1567416e-001  2.0000000e-003  9.6914424e-001
  3.0000000e-003  8.1423296e-001  3.0000000e-003  9.4803908e-001
  4.0000000e-003  6.8798642e-001  4.0000000e-003  9.2348687e-001
  5.0000000e-003  5.4952116e-001  5.0000000e-003  8.9577680e-001
  6.0000000e-003  4.1060928e-001  6.0000000e-003  8.6522106e-001
  7.0000000e-003  2.8133484e-001  7.0000000e-003  8.3215024e-001
  8.0000000e-003  1.6980702e-001  8.0000000e-003  7.9690884e-001
  9.0000000e-003  8.2190019e-002  9.0000000e-003  7.5985099e-001
  1.0000000e-002  2.2794109e-002  1.0000000e-002  7.2133643e-001
  1.1000000e-002  5.9574429e-003  1.1000000e-002  6.8172675e-001
  1.2000000e-002  3.7793244e-003  1.2000000e-002  6.4138186e-001
  1.3000000e-002  2.7028604e-002  1.3000000e-002  6.0065666e-001
  1.4000000e-002  8.1114352e-002  1.4000000e-002  5.5989805e-001
  1.5000000e-002  1.4993563e-001  1.5000000e-002  5.1944204e-001
  1.6000000e-002  2.2238219e-001  1.6000000e-002  4.7961101e-001
  1.7000000e-002  2.8641412e-001  1.7000000e-002  4.4071128e-001
  1.8000000e-002  3.3146687e-001  1.8000000e-002  4.0303059e-001
  1.9000000e-002  3.5079054e-001  1.9000000e-002  3.6683594e-001
  2.0000000e-002  3.4272846e-001  2.0000000e-002  3.3237140e-001
  2.1000000e-002  3.1044836e-001  2.1000000e-002  2.9985612e-001
  2.2000000e-002  2.6045259e-001  2.2000000e-002  2.6948256e-001
  2.3000000e-002  2.0067989e-001  2.3000000e-002  2.4141478e-001
  2.4000000e-002  1.3892336e-001  2.4000000e-002  2.1578712e-001
  2.5000000e-002  8.1881965e-002  2.5000000e-002  1.9270301e-001
  2.6000000e-002  3.4797202e-002  2.6000000e-002  1.7223423e-001
  2.7000000e-002  1.4587676e-003  2.7000000e-002  1.5442043e-001
  2.8000000e-002  1.5644297e-002  2.8000000e-002  1.3926908e-001
  2.9000000e-002  1.5190360e-002  2.9000000e-002  1.2675595e-001
  3.0000000e-002  2.9938454e-003  3.0000000e-002  1.1682590e-001
  3.1000000e-002  3.7799858e-002  3.1000000e-002  1.0939431e-001
  3.2000000e-002  8.6575544e-002  3.2000000e-002  1.0434880e-001
  3.3000000e-002  1.4484510e-001  3.3000000e-002  1.0155161e-001
  3.4000000e-002  2.0623465e-001  3.4000000e-002  1.0084216e-001
  3.5000000e-002  2.6291141e-001  3.5000000e-002  1.0204019e-001
  3.6000000e-002  3.0677152e-001  3.6000000e-002  1.0494902e-001
  3.7000000e-002  3.3126229e-001  3.7000000e-002  1.0935913e-001
  3.8000000e-002  3.3320393e-001  3.8000000e-002  1.1505181e-001
  3.9000000e-002  3.1371105e-001  3.9000000e-002  1.2180288e-001
  4.0000000e-002  2.7769414e-001  4.0000000e-002  1.2938634e-001
  4.1000000e-002  2.3223856e-001  4.1000000e-002  1.3757794e-001
  4.2000000e-002  1.8471779e-001  4.2000000e-002  1.4615850e-001
  4.3000000e-002  1.4140002e-001  4.3000000e-002  1.5491694e-001
  4.4000000e-002  1.0681304e-001  4.4000000e-002  1.6365307e-001
  4.5000000e-002  8.3712382e-002  4.5000000e-002  1.7218000e-001
  4.6000000e-002  7.3351786e-002  4.6000000e-002  1.8032609e-001
  4.7000000e-002  7.5805866e-002  4.7000000e-002  1.8793667e-001
  4.8000000e-002  9.0203389e-002  4.8000000e-002  1.9487525e-001
  4.9000000e-002  1.1481964e-001  4.9000000e-002  2.0102444e-001
  5.0000000e-002  1.4703659e-001  5.0000000e-002  2.0628653e-001
  5.1000000e-002  1.8322971e-001  5.1000000e-002  2.1058372e-001
  5.2000000e-002  2.1870180e-001  5.2000000e-002  2.1385811e-001
  5.3000000e-002  2.4785546e-001  5.3000000e-002  2.1607149e-001
  5.4000000e-002  2.6482750e-001  5.4000000e-002  2.1720487e-001
  5.5000000e-002  2.6469012e-001  5.5000000e-002  2.1725788e-001
  5.6000000e-002  2.4497426e-001  5.6000000e-002  2.1624805e-001
  5.7000000e-002  2.0682962e-001  5.7000000e-002  2.1420994e-001
  5.8000000e-002  1.5504386e-001  5.8000000e-002  2.1119426e-001
  5.9000000e-002  9.6715511e-002  5.9000000e-002  2.0726680e-001
  6.0000000e-002  3.9236084e-002  6.0000000e-002  2.0250744e-001
  6.1000000e-002  1.1412043e-002  6.1000000e-002  1.9700900e-001
  6.2000000e-002  5.1445321e-002  6.2000000e-002  1.9087604e-001
  6.3000000e-002  7.9210234e-002  6.3000000e-002  1.8422364e-001
  6.4000000e-002  9.4657096e-002  6.4000000e-002  1.7717601e-001
  6.5000000e-002  9.8734722e-002  6.5000000e-002  1.6986511e-001
  6.6000000e-002  9.2908616e-002  6.6000000e-002  1.6242902e-001
  6.7000000e-002  7.8854207e-002  6.7000000e-002  1.5501030e-001
  6.8000000e-002  5.8299711e-002  6.8000000e-002  1.4775413e-001
  6.9000000e-002  3.2970674e-002  6.9000000e-002  1.4080632e-001
  7.0000000e-002  4.5896996e-003  7.0000000e-002  1.3431114e-001
  7.1000000e-002  2.5108601e-002  7.1000000e-002  1.2840901e-001
  7.2000000e-002  5.4382550e-002  7.2000000e-002  1.2323408e-001
  7.3000000e-002  8.1538331e-002  7.3000000e-002  1.1891164e-001
  7.4000000e-002  1.0505253e-001  7.4000000e-002  1.1555554e-001
  7.5000000e-002  1.2375274e-001  7.5000000e-002  1.1326556e-001
  7.6000000e-002  1.3700660e-001  7.6000000e-002  1.1212490e-001
  7.7000000e-002  1.4483750e-001  7.7000000e-002  1.1219781e-001
  7.8000000e-002  1.4789194e-001  7.8000000e-002  1.1352745e-001
  7.9000000e-002  1.4724377e-001  7.9000000e-002  1.1613420e-001
  8.0000000e-002  1.4410107e-001  8.0000000e-002  1.2001428e-001
  8.1000000e-002  1.3952695e-001  8.1000000e-002  1.2513909e-001
  8.2000000e-002  1.3426417e-001  8.2000000e-002  1.3145501e-001
  8.3000000e-002  1.2869306e-001  8.3000000e-002  1.3888396e-001
  8.4000000e-002  1.2289662e-001  8.4000000e-002  1.4732460e-001
  8.5000000e-002  1.1678403e-001  8.5000000e-002  1.5665422e-001
  8.6000000e-002  1.1022811e-001  8.6000000e-002  1.6673124e-001
  8.7000000e-002  1.0318701e-001  8.7000000e-002  1.7739827e-001
  8.8000000e-002  9.5793288e-002  8.8000000e-002  1.8848563e-001
  8.9000000e-002  8.8400133e-002  8.9000000e-002  1.9981508e-001
  9.0000000e-002  8.1578422e-002  9.0000000e-002  2.1120381e-001
  9.1000000e-002  7.6061929e-002  9.1000000e-002  2.2246843e-001
  9.2000000e-002  7.2645376e-002  9.2000000e-002  2.3342875e-001
  9.3000000e-002  7.2049755e-002  9.3000000e-002  2.4391141e-001
  9.4000000e-002  7.4778885e-002  9.4000000e-002  2.5375306e-001
  9.5000000e-002  8.0995699e-002  9.5000000e-002  2.6280311e-001
  9.6000000e-002  9.0443483e-002  9.6000000e-002  2.7092600e-001
  9.7000000e-002  1.0242696e-001  9.7000000e-002  2.7800291e-001
  9.8000000e-002  1.1585509e-001  9.8000000e-002  2.8393299e-001
  9.9000000e-002  1.2933693e-001  9.9000000e-002  2.8863403e-001
  1.0000000e-001  1.4131729e-001  1.0000000e-001  2.9204272e-001
  1.0100000e-001  1.5023951e-001  1.0100000e-001  2.9411449e-001
  1.0200000e-001  1.5472466e-001  1.0200000e-001  2.9482300e-001
  1.0300000e-001  1.5375744e-001  1.0300000e-001  2.9415944e-001
  1.0400000e-001  1.4686345e-001  1.0400000e-001  2.9213148e-001
  1.0500000e-001  1.3425414e-001  1.0500000e-001  2.8876224e-001
  1.0600000e-001  1.1690596e-001  1.0600000e-001  2.8408907e-001
  1.0700000e-001  9.6537780e-002  1.0700000e-001  2.7816230e-001
  1.0800000e-001  7.5462403e-002  1.0800000e-001  2.7104405e-001
  1.0900000e-001  5.6315140e-002  1.0900000e-001  2.6280698e-001
  1.1000000e-001  4.1698361e-002  1.1000000e-001  2.5353311e-001
  1.1100000e-001  3.3809383e-002  1.1100000e-001  2.4331276e-001
  1.1200000e-001  3.4125916e-002  1.1200000e-001  2.3224339e-001
  1.1300000e-001  4.3204033e-002  1.1300000e-001  2.2042867e-001
  1.1400000e-001  6.0608651e-002  1.1400000e-001  2.0797741e-001
  1.1500000e-001  8.4963141e-002  1.1500000e-001  1.9500269e-001
  1.1600000e-001  1.1408696e-001  1.1600000e-001  1.8162086e-001
  1.1700000e-001  1.4519121e-001  1.1700000e-001  1.6795062e-001
  1.1800000e-001  1.7511554e-001  1.1800000e-001  1.5411205e-001
  1.1900000e-001  2.0060422e-001  1.1900000e-001  1.4022559e-001
  1.2000000e-001  2.1862428e-001  1.2000000e-001  1.2641100e-001
  1.2100000e-001  2.2671778e-001  1.2100000e-001  1.1278625e-001
  1.2200000e-001  2.2335390e-001  1.2200000e-001  9.9466348e-002
  1.2300000e-001  2.0821493e-001  1.2300000e-001  8.6562081e-002
  1.2400000e-001  1.8233326e-001  1.2400000e-001  7.4178754e-002
  1.2500000e-001  1.4801231e-001  1.2500000e-001  6.2414841e-002
  1.2600000e-001  1.0851867e-001  1.2600000e-001  5.1360645e-002
  1.2700000e-001  6.7606001e-002  1.2700000e-001  4.1096964e-002
  1.2800000e-001  2.8985641e-002  1.2800000e-001  3.1693797e-002
  1.2900000e-001  4.1329386e-003  1.2900000e-001  2.3209147e-002
  1.3000000e-001  2.9348472e-002  1.3000000e-001  1.5687950e-002
  1.3100000e-001  4.5199348e-002  1.3100000e-001  9.1611856e-003
  1.3200000e-001  5.1150547e-002  1.3200000e-001  3.6451984e-003
  1.3300000e-001  4.7491525e-002  1.3300000e-001  8.5870822e-004
  1.3400000e-001  3.5198750e-002  1.3400000e-001  4.3643936e-003
  1.3500000e-001  1.5798916e-002  1.3500000e-001  6.9006826e-003
  1.3600000e-001  8.7534129e-003  1.3600000e-001  8.5108409e-003
  1.3700000e-001  3.6189099e-002  1.3700000e-001  9.2517262e-003
  1.3800000e-001  6.4046347e-002  1.3800000e-001  9.1926287e-003
  1.3900000e-001  8.9822355e-002  1.3900000e-001  8.4138319e-003
  1.4000000e-001  1.1116882e-001  1.4000000e-001  7.0049350e-003
  1.4100000e-001  1.2612760e-001  1.4100000e-001  5.0629876e-003
  1.4200000e-001  1.3337752e-001  1.4200000e-001  2.6904957e-003
  1.4300000e-001  1.3243948e-001  1.4300000e-001  6.6382611e-006
  1.4400000e-001  1.2377854e-001  1.4400000e-001  2.9211790e-003
  1.4500000e-001  1.0875791e-001  1.4500000e-001  5.9465667e-003
  1.4600000e-001  8.9439541e-002  1.4600000e-001  8.9788154e-003
  1.4700000e-001  6.8272480e-002  1.4700000e-001  1.1918257e-002
  1.4800000e-001  4.7739467e-002  1.4800000e-001  1.4671098e-002
  1.4900000e-001  3.0033858e-002  1.4900000e-001  1.7150757e-002
