  0.0000000e+000  1.0000000e+000  0.0000000e+000  1.0000000e+000
  1.0000000e-003  1.0418769e+000  1.0000000e-003  9.8537797e-001
  2.0000000e-003  1.0464354e+000  2.0000000e-003  9.6604471e-001
  3.0000000e-003  1.0106614e+000  3.0000000e-003  9.4239752e-001
  4.0000000e-003  9.4046325e-001  4.0000000e-003  9.1489935e-001
  5.0000000e-003  8.4629093e-001  5.0000000e-003  8.8377795e-001
  6.0000000e-003  7.5515607e-001  6.0000000e-003  8.4917349e-001
  7.0000000e-003  6.6753039e-001  7.0000000e-003  8.1114216e-001
  8.0000000e-003  5.9665905e-001  8.0000000e-003  7.6987978e-001
  9.0000000e-003  5.4426749e-001  9.0000000e-003  7.2579329e-001
  1.0000000e-002  5.1173126e-001  1.0000000e-002  6.7955362e-001
  1.1000000e-002  4.9706417e-001  1.1000000e-002  6.3202764e-001
  1.2000000e-002  4.9039316e-001  1.2000000e-002  5.8389168e-001
  1.3000000e-002  4.9775042e-001  1.3000000e-002  5.3562306e-001
  1.4000000e-002  5.0854204e-001  1.4000000e-002  4.8792001e-001
  1.5000000e-002  5.1023710e-001  1.5000000e-002  4.4134746e-001
  1.6000000e-002  5.1341637e-001  1.6000000e-002  3.9670991e-001
  1.7000000e-002  5.1572948e-001  1.7000000e-002  3.5506003e-001
  1.8000000e-002  5.1270847e-001  1.8000000e-002  3.1651674e-001
  1.9000000e-002  4.9659293e-001  1.9000000e-002  2.8086894e-001
  2.0000000e-002  4.6327572e-001  2.0000000e-002  2.4787813e-001
  2.1000000e-002  4.1526264e-001  2.1000000e-002  2.1812742e-001
  2.2000000e-002  3.6153663e-001  2.2000000e-002  1.9287730e-001
  2.3000000e-002  3.0807282e-001  2.3000000e-002  1.7172398e-001
  2.4000000e-002  2.5579101e-001  2.4000000e-002  1.5381406e-001
  2.5000000e-002  2.0315496e-001  2.5000000e-002  1.3899410e-001
  2.6000000e-002  1.5961094e-001  2.6000000e-002  1.2684988e-001
  2.7000000e-002  1.4012132e-001  2.7000000e-002  1.1695961e-001
  2.8000000e-002  1.4611240e-001  2.8000000e-002  1.0943525e-001
  2.9000000e-002  1.6920032e-001  2.9000000e-002  1.0476798e-001
  3.0000000e-002  2.0523542e-001  3.0000000e-002  1.0219021e-001
  3.1000000e-002  2.4055930e-001  3.1000000e-002  1.0257076e-001
  3.2000000e-002  2.6920150e-001  3.2000000e-002  1.0826827e-001
  3.3000000e-002  2.8333902e-001  3.3000000e-002  1.1644206e-001
  3.4000000e-002  2.8746806e-001  3.4000000e-002  1.2678023e-001
  3.5000000e-002  2.9076325e-001  3.5000000e-002  1.3900083e-001
  3.6000000e-002  2.8905930e-001  3.6000000e-002  1.5264510e-001
  3.7000000e-002  2.7874191e-001  3.7000000e-002  1.6734660e-001
  3.8000000e-002  2.5925840e-001  3.8000000e-002  1.8306070e-001
  3.9000000e-002  2.2819914e-001  3.9000000e-002  2.0046199e-001
  4.0000000e-002  1.8609098e-001  4.0000000e-002  2.1957293e-001
  4.1000000e-002  1.4040750e-001  4.1000000e-002  2.3921481e-001
  4.2000000e-002  1.0749604e-001  4.2000000e-002  2.5905512e-001
  4.3000000e-002  9.4612904e-002  4.3000000e-002  2.7854782e-001
  4.4000000e-002  9.9799614e-002  4.4000000e-002  2.9687231e-001
  4.5000000e-002  1.2466562e-001  4.5000000e-002  3.1421192e-001
  4.6000000e-002  1.6284251e-001  4.6000000e-002  3.3025951e-001
  4.7000000e-002  2.0378769e-001  4.7000000e-002  3.4475728e-001
  4.8000000e-002  2.4684985e-001  4.8000000e-002  3.5745777e-001
  4.9000000e-002  2.7294874e-001  4.9000000e-002  3.6824478e-001
  5.0000000e-002  2.7562103e-001  5.0000000e-002  3.7716622e-001
  5.1000000e-002  2.5627072e-001  5.1000000e-002  3.8429248e-001
  5.2000000e-002  2.2388397e-001  5.2000000e-002  3.9025529e-001
  5.3000000e-002  1.8317017e-001  5.3000000e-002  3.9483486e-001
  5.4000000e-002  1.3775338e-001  5.4000000e-002  3.9700533e-001
  5.5000000e-002  8.5281606e-002  5.5000000e-002  3.9662877e-001
  5.6000000e-002  2.8074384e-002  5.6000000e-002  3.9393778e-001
  5.7000000e-002  2.9108591e-002  5.7000000e-002  3.8930188e-001
  5.8000000e-002  8.5097549e-002  5.8000000e-002  3.8301018e-001
  5.9000000e-002  1.2745704e-001  5.9000000e-002  3.7510453e-001
  6.0000000e-002  1.4604752e-001  6.0000000e-002  3.6547845e-001
  6.1000000e-002  1.4854432e-001  6.1000000e-002  3.5406520e-001
  6.2000000e-002  1.3907022e-001  6.2000000e-002  3.4093049e-001
  6.3000000e-002  1.1122915e-001  6.3000000e-002  3.2627970e-001
  6.4000000e-002  6.3958390e-002  6.4000000e-002  3.1042171e-001
  6.5000000e-002  8.3694435e-003  6.5000000e-002  2.9375209e-001
  6.6000000e-002  4.1881473e-002  6.6000000e-002  2.7699700e-001
  6.7000000e-002  7.9563691e-002  6.7000000e-002  2.6120210e-001
  6.8000000e-002  9.7304933e-002  6.8000000e-002  2.4640367e-001
  6.9000000e-002  9.7568975e-002  6.9000000e-002  2.3476229e-001
  7.0000000e-002  9.0662395e-002  7.0000000e-002  2.2325413e-001
  7.1000000e-002  7.1599956e-002  7.1000000e-002  2.1190430e-001
  7.2000000e-002  3.9299342e-002  7.2000000e-002  2.0080541e-001
  7.3000000e-002  5.4949121e-003  7.3000000e-002  1.8997444e-001
  7.4000000e-002  3.0461641e-002  7.4000000e-002  1.7960824e-001
  7.5000000e-002  6.1826644e-002  7.5000000e-002  1.6992840e-001
  7.6000000e-002  8.1202714e-002  7.6000000e-002  1.6131219e-001
  7.7000000e-002  8.9287747e-002  7.7000000e-002  1.5451789e-001
  7.8000000e-002  8.4740867e-002  7.8000000e-002  1.5012835e-001
  7.9000000e-002  6.7276419e-002  7.9000000e-002  1.4787412e-001
  8.0000000e-002  3.5738655e-002  8.0000000e-002  1.4771951e-001
  8.1000000e-002  1.3920451e-002  8.1000000e-002  1.4945812e-001
  8.2000000e-002  6.5193063e-002  8.2000000e-002  1.5250425e-001
  8.3000000e-002  1.0938723e-001  8.3000000e-002  1.5649297e-001
  8.4000000e-002  1.4023356e-001  8.4000000e-002  1.6196305e-001
  8.5000000e-002  1.4386379e-001  8.5000000e-002  1.6922561e-001
  8.6000000e-002  1.3451472e-001  8.6000000e-002  1.8107486e-001
  8.7000000e-002  1.1320158e-001  8.7000000e-002  1.9415088e-001
  8.8000000e-002  8.8549088e-002  8.8000000e-002  2.0785838e-001
  8.9000000e-002  5.8526219e-002  8.9000000e-002  2.2202372e-001
  9.0000000e-002  2.4302041e-002  9.0000000e-002  2.3633858e-001
  9.1000000e-002  1.1267684e-002  9.1000000e-002  2.5052396e-001
  9.2000000e-002  4.8521196e-002  9.2000000e-002  2.6435965e-001
  9.3000000e-002  8.5584047e-002  9.3000000e-002  2.7845495e-001
  9.4000000e-002  1.1686354e-001  9.4000000e-002  2.9238908e-001
  9.5000000e-002  1.3902894e-001  9.5000000e-002  3.0516484e-001
  9.6000000e-002  1.4418814e-001  9.6000000e-002  3.1729775e-001
  9.7000000e-002  1.3875102e-001  9.7000000e-002  3.2861202e-001
  9.8000000e-002  1.2906907e-001  9.8000000e-002  3.3863187e-001
  9.9000000e-002  1.1692973e-001  9.9000000e-002  3.4719975e-001
  1.0000000e-001  1.0263771e-001  1.0000000e-001  3.5408400e-001
  1.0100000e-001  8.3947998e-002  1.0100000e-001  3.5905610e-001
  1.0200000e-001  6.2742658e-002  1.0200000e-001  3.6197237e-001
  1.0300000e-001  5.0012396e-002  1.0300000e-001  3.6355509e-001
  1.0400000e-001  3.9751332e-002  1.0400000e-001  3.6482613e-001
  1.0500000e-001  3.2876361e-002  1.0500000e-001  3.6369571e-001
  1.0600000e-001  3.5053431e-002  1.0600000e-001  3.5998416e-001
  1.0700000e-001  4.7853510e-002  1.0700000e-001  3.5373332e-001
  1.0800000e-001  6.7226098e-002  1.0800000e-001  3.4507571e-001
  1.0900000e-001  8.9477858e-002  1.0900000e-001  3.3396665e-001
  1.1000000e-001  1.0767706e-001  1.1000000e-001  3.2051474e-001
  1.1100000e-001  1.1959085e-001  1.1100000e-001  3.0490636e-001
  1.1200000e-001  1.2262606e-001  1.1200000e-001  2.8740092e-001
  1.1300000e-001  1.1671430e-001  1.1300000e-001  2.6833303e-001
  1.1400000e-001  1.0428777e-001  1.1400000e-001  2.4804065e-001
  1.1500000e-001  9.1882221e-002  1.1500000e-001  2.2685450e-001
  1.1600000e-001  8.1578910e-002  1.1600000e-001  2.0513625e-001
  1.1700000e-001  6.8716907e-002  1.1700000e-001  1.8325612e-001
  1.1800000e-001  5.5512364e-002  1.1800000e-001  1.6154259e-001
  1.1900000e-001  4.8334003e-002  1.1900000e-001  1.4027093e-001
  1.2000000e-001  4.8444542e-002  1.2000000e-001  1.1966573e-001
  1.2100000e-001  5.1479856e-002  1.2100000e-001  9.9901298e-002
  1.2200000e-001  5.2541540e-002  1.2200000e-001  8.1153847e-002
  1.2300000e-001  5.2393149e-002  1.2300000e-001  6.3531581e-002
  1.2400000e-001  4.8024111e-002  1.2400000e-001  4.6977570e-002
  1.2500000e-001  3.7734318e-002  1.2500000e-001  3.1626351e-002
  1.2600000e-001  2.3474474e-002  1.2600000e-001  1.7352905e-002
  1.2700000e-001  7.4466837e-003  1.2700000e-001  4.1272093e-003
  1.2800000e-001  1.3822405e-002  1.2800000e-001  7.8122996e-003
  1.2900000e-001  4.0713953e-002  1.2900000e-001  1.8150878e-002
  1.3000000e-001  6.7524485e-002  1.3000000e-001  2.6872915e-002
  1.3100000e-001  9.5696799e-002  1.3100000e-001  3.3812309e-002
  1.3200000e-001  1.2324200e-001  1.3200000e-001  3.8747780e-002
  1.3300000e-001  1.4457740e-001  1.3300000e-001  4.2096420e-002
  1.3400000e-001  1.5728244e-001  1.3400000e-001  4.4005816e-002
  1.3500000e-001  1.5140019e-001  1.3500000e-001  4.4516183e-002
  1.3600000e-001  1.2729305e-001  1.3600000e-001  4.3719456e-002
  1.3700000e-001  9.3924150e-002  1.3700000e-001  4.1694434e-002
  1.3800000e-001  5.6190345e-002  1.3800000e-001  3.8534108e-002
  1.3900000e-001  1.7201506e-002  1.3900000e-001  3.4363397e-002
  1.4000000e-001  2.1738421e-002  1.4000000e-001  2.9386279e-002
  1.4100000e-001  5.5245938e-002  1.4100000e-001  2.3552655e-002
  1.4200000e-001  8.0568479e-002  1.4200000e-001  1.6857097e-002
  1.4300000e-001  9.9421272e-002  1.4300000e-001  9.3547315e-003
  1.4400000e-001  1.0848956e-001  1.4400000e-001  9.3503069e-004
  1.4500000e-001  1.1380734e-001  1.4500000e-001  8.5061704e-003
  1.4600000e-001  1.1518563e-001  1.4600000e-001  1.8813727e-002
  1.4700000e-001  1.0169398e-001  1.4700000e-001  2.9624717e-002
  1.4800000e-001  8.0840097e-002  1.4800000e-001  4.0459952e-002
  1.4900000e-001  5.1371758e-002  1.4900000e-001  5.1094029e-002
