  0.0000000e+000  1.0000000e+000  0.0000000e+000  1.0000000e+000
  1.0000000e-003  9.9003657e-001  1.0000000e-003  9.9706341e-001
  2.0000000e-003  9.6199440e-001  2.0000000e-003  9.9227163e-001
  3.0000000e-003  9.1670136e-001  3.0000000e-003  9.8564122e-001
  4.0000000e-003  8.5544995e-001  4.0000000e-003  9.7719402e-001
  5.0000000e-003  7.7995353e-001  5.0000000e-003  9.6695702e-001
  6.0000000e-003  6.9229081e-001  6.0000000e-003  9.5496227e-001
  7.0000000e-003  5.9484079e-001  7.0000000e-003  9.4124677e-001
  8.0000000e-003  4.9021125e-001  8.0000000e-003  9.2585234e-001
  9.0000000e-003  3.8116454e-001  9.0000000e-003  9.0882548e-001
  1.0000000e-002  2.7054892e-001  1.0000000e-002  8.9021717e-001
  1.1000000e-002  1.6127292e-001  1.1000000e-002  8.7008274e-001
  1.2000000e-002  5.6857734e-002  1.2000000e-002  8.4848168e-001
  1.3000000e-002  4.6436650e-002  1.3000000e-002  8.2547738e-001
  1.4000000e-002  1.3526635e-001  1.4000000e-002  8.0113700e-001
  1.5000000e-002  2.1448872e-001  1.5000000e-002  7.7553118e-001
  1.6000000e-002  2.8133950e-001  1.6000000e-002  7.4873386e-001
  1.7000000e-002  3.3439167e-001  1.7000000e-002  7.2082197e-001
  1.8000000e-002  3.7271696e-001  1.8000000e-002  6.9187525e-001
  1.9000000e-002  3.9584187e-001  1.9000000e-002  6.6197597e-001
  2.0000000e-002  4.0374306e-001  2.0000000e-002  6.3120861e-001
  2.1000000e-002  3.9683921e-001  2.1000000e-002  5.9965968e-001
  2.2000000e-002  3.7597253e-001  2.2000000e-002  5.6741739e-001
  2.3000000e-002  3.4237864e-001  2.3000000e-002  5.3457136e-001
  2.4000000e-002  2.9764494e-001  2.4000000e-002  5.0121238e-001
  2.5000000e-002  2.4365846e-001  2.5000000e-002  4.6743210e-001
  2.6000000e-002  1.8254527e-001  2.6000000e-002  4.3332277e-001
  2.7000000e-002  1.1660727e-001  2.7000000e-002  3.9897691e-001
  2.8000000e-002  4.8309402e-002  2.8000000e-002  3.6448709e-001
  2.9000000e-002  2.0979976e-002  2.9000000e-002  3.2994560e-001
  3.0000000e-002  8.6802345e-002  3.0000000e-002  2.9544422e-001
  3.1000000e-002  1.4853338e-001  3.1000000e-002  2.6107393e-001
  3.2000000e-002  2.0386104e-001  3.2000000e-002  2.2692471e-001
  3.3000000e-002  2.5105090e-001  3.3000000e-002  1.9308531e-001
  3.4000000e-002  2.8870883e-001  3.4000000e-002  1.5964317e-001
  3.5000000e-002  3.1580630e-001  3.5000000e-002  1.2668457e-001
  3.6000000e-002  3.3170400e-001  3.6000000e-002  9.4295639e-002
  3.7000000e-002  3.3616383e-001  3.7000000e-002  6.2566875e-002
  3.8000000e-002  3.2934803e-001  3.8000000e-002  3.1625421e-002
  3.9000000e-002  3.1180688e-001  3.9000000e-002  3.7813542e-003
  4.0000000e-002  2.8445800e-001  4.0000000e-002  2.8436452e-002
  4.1000000e-002  2.4856418e-001  4.1000000e-002  5.6767818e-002
  4.2000000e-002  2.0572828e-001  4.2000000e-002  8.4175989e-002
  4.3000000e-002  1.5796724e-001  4.3000000e-002  1.1054143e-001
  4.4000000e-002  1.0815117e-001  4.4000000e-002  1.3579532e-001
  4.5000000e-002  6.2748496e-002  4.5000000e-002  1.5988043e-001
  4.6000000e-002  4.7638543e-002  4.6000000e-002  1.8274582e-001
  4.7000000e-002  8.0347938e-002  4.7000000e-002  2.0434558e-001
  4.8000000e-002  1.2449408e-001  4.8000000e-002  2.2463854e-001
  4.9000000e-002  1.6675295e-001  4.9000000e-002  2.4358817e-001
  5.0000000e-002  2.0354441e-001  5.0000000e-002  2.6116262e-001
  5.1000000e-002  2.3310699e-001  5.1000000e-002  2.7733470e-001
  5.2000000e-002  2.5434851e-001  5.2000000e-002  2.9208195e-001
  5.3000000e-002  2.6661879e-001  5.3000000e-002  3.0538668e-001
  5.4000000e-002  2.6965401e-001  5.4000000e-002  3.1723596e-001
  5.5000000e-002  2.6356212e-001  5.5000000e-002  3.2762163e-001
  5.6000000e-002  2.4882090e-001  5.6000000e-002  3.3654031e-001
  5.7000000e-002  2.2628782e-001  5.7000000e-002  3.4399338e-001
  5.8000000e-002  1.9724097e-001  5.8000000e-002  3.4998690e-001
  5.9000000e-002  1.6351435e-001  5.9000000e-002  3.5453161e-001
  6.0000000e-002  1.2793031e-001  6.0000000e-002  3.5764283e-001
  6.1000000e-002  9.5668397e-002  6.1000000e-002  3.5934037e-001
  6.2000000e-002  7.7292044e-002  6.2000000e-002  3.5964846e-001
  6.3000000e-002  8.4361362e-002  6.3000000e-002  3.5859561e-001
  6.4000000e-002  1.1068025e-001  6.4000000e-002  3.5621449e-001
  6.5000000e-002  1.4314328e-001  6.5000000e-002  3.5254179e-001
  6.6000000e-002  1.7475337e-001  6.6000000e-002  3.4761808e-001
  6.7000000e-002  2.0218442e-001  6.7000000e-002  3.4148759e-001
  6.8000000e-002  2.2358603e-001  6.8000000e-002  3.3419810e-001
  6.9000000e-002  2.3784133e-001  6.9000000e-002  3.2580069e-001
  7.0000000e-002  2.4432259e-001  7.0000000e-002  3.1634957e-001
  7.1000000e-002  2.4280097e-001  7.1000000e-002  3.0590184e-001
  7.2000000e-002  2.3340592e-001  7.2000000e-002  2.9451731e-001
  7.3000000e-002  2.1660211e-001  7.3000000e-002  2.8225820e-001
  7.4000000e-002  1.9317798e-001  7.4000000e-002  2.6918899e-001
  7.5000000e-002  1.6425929e-001  7.5000000e-002  2.5537610e-001
  7.6000000e-002  1.3140359e-001  7.6000000e-002  2.4088767e-001
  7.7000000e-002  9.6993977e-002  7.7000000e-002  2.2579333e-001
  7.8000000e-002  6.5910303e-002  7.8000000e-002  2.1016391e-001
  7.9000000e-002  5.1032381e-002  7.9000000e-002  1.9407123e-001
  8.0000000e-002  6.5156907e-002  8.0000000e-002  1.7758782e-001
  8.1000000e-002  9.4128802e-002  8.1000000e-002  1.6078676e-001
  8.2000000e-002  1.2508678e-001  8.2000000e-002  1.4374142e-001
  8.3000000e-002  1.5339331e-001  8.3000000e-002  1.2652539e-001
  8.4000000e-002  1.7696133e-001  8.4000000e-002  1.0921250e-001
  8.5000000e-002  1.9457676e-001  8.5000000e-002  9.1877139e-002
  8.6000000e-002  2.0548891e-001  8.6000000e-002  7.4595402e-002
  8.7000000e-002  2.0929435e-001  8.7000000e-002  5.7448715e-002
  8.8000000e-002  2.0589809e-001  8.8000000e-002  4.0536788e-002
  8.9000000e-002  1.9549610e-001  8.9000000e-002  2.4043804e-002
  9.0000000e-002  1.7856315e-001  9.0000000e-002  9.0198764e-003
  9.1000000e-002  1.5584391e-001  9.1000000e-002  1.1019738e-002
  9.2000000e-002  1.2835835e-001  9.2000000e-002  2.5683000e-002
  9.3000000e-002  9.7470171e-002  9.3000000e-002  4.0631221e-002
  9.4000000e-002  6.5266201e-002  9.4000000e-002  5.5180776e-002
  9.5000000e-002  3.7055442e-002  9.5000000e-002  6.9187984e-002
  9.6000000e-002  3.3102842e-002  9.6000000e-002  8.2577572e-002
  9.7000000e-002  5.7339187e-002  9.7000000e-002  9.5293654e-002
  9.8000000e-002  8.6268831e-002  9.8000000e-002  1.0728927e-001
  9.9000000e-002  1.1299794e-001  9.9000000e-002  1.1852328e-001
  1.0000000e-001  1.3533675e-001  1.0000000e-001  1.2895927e-001
  1.0100000e-001  1.5206088e-001  1.0100000e-001  1.3856510e-001
  1.0200000e-001  1.6236544e-001  1.0200000e-001  1.4731273e-001
  1.0300000e-001  1.6575684e-001  1.0300000e-001  1.5517819e-001
  1.0400000e-001  1.6202684e-001  1.0400000e-001  1.6214149e-001
  1.0500000e-001  1.5124274e-001  1.0500000e-001  1.6818667e-001
  1.0600000e-001  1.3373787e-001  1.0600000e-001  1.7330178e-001
  1.0700000e-001  1.1009993e-001  1.0700000e-001  1.7747885e-001
  1.0800000e-001  8.1167563e-002  1.0800000e-001  1.8071390e-001
  1.0900000e-001  4.8115576e-002  1.0900000e-001  1.8300691e-001
  1.1000000e-001  1.4457617e-002  1.1000000e-001  1.8436178e-001
  1.1100000e-001  3.0288729e-002  1.1100000e-001  1.8478631e-001
  1.1200000e-001  6.8769043e-002  1.1200000e-001  1.8429210e-001
  1.1300000e-001  1.0734444e-001  1.1300000e-001  1.8289458e-001
  1.1400000e-001  1.4411644e-001  1.1400000e-001  1.8061286e-001
  1.1500000e-001  1.7773881e-001  1.1500000e-001  1.7746974e-001
  1.1600000e-001  2.0703790e-001  1.1600000e-001  1.7349164e-001
  1.1700000e-001  2.3100148e-001  1.1700000e-001  1.6870857e-001
  1.1800000e-001  2.4880027e-001  1.1800000e-001  1.6315410e-001
  1.1900000e-001  2.5981143e-001  1.1900000e-001  1.5686544e-001
  1.2000000e-001  2.6363778e-001  1.2000000e-001  1.4988348e-001
  1.2100000e-001  2.6012070e-001  1.2100000e-001  1.4225307e-001
  1.2200000e-001  2.4934580e-001  1.2200000e-001  1.3402333e-001
  1.2300000e-001  2.3164107e-001  1.2300000e-001  1.2524841e-001
  1.2400000e-001  2.0756706e-001  1.2400000e-001  1.1598854e-001
  1.2500000e-001  1.7789955e-001  1.2500000e-001  1.0631206e-001
  1.2600000e-001  1.4360485e-001  1.2600000e-001  9.6298792e-002
  1.2700000e-001  1.0580884e-001  1.2700000e-001  8.6046103e-002
  1.2800000e-001  6.5762418e-002  1.2800000e-001  7.5680123e-002
  1.2900000e-001  2.4830429e-002  1.2900000e-001  6.5377288e-002
  1.3000000e-001  1.5995023e-002  1.3000000e-001  5.5407171e-002
  1.3100000e-001  5.4682978e-002  1.3100000e-001  4.6217861e-002
  1.3200000e-001  9.0406631e-002  1.3200000e-001  3.8587850e-002
  1.3300000e-001  1.2190279e-001  1.3300000e-001  3.3764734e-002
  1.3400000e-001  1.4812840e-001  1.3400000e-001  3.3094608e-002
  1.3500000e-001  1.6822748e-001  1.3500000e-001  3.6815322e-002
  1.3600000e-001  1.8155616e-001  1.3600000e-001  4.3771036e-002
  1.3700000e-001  1.8770345e-001  1.3700000e-001  5.2604493e-002
  1.3800000e-001  1.8650430e-001  1.3800000e-001  6.2408417e-002
  1.3900000e-001  1.7804464e-001  1.3900000e-001  7.2659923e-002
  1.4000000e-001  1.6265921e-001  1.4000000e-001  8.3052734e-002
  1.4100000e-001  1.4092526e-001  1.4100000e-001  9.3393861e-002
  1.4200000e-001  1.1366269e-001  1.4200000e-001  1.0355101e-001
  1.4300000e-001  8.1985208e-002  1.4300000e-001  1.1342627e-001
  1.4400000e-001  4.7719292e-002  1.4400000e-001  1.2294253e-001
  1.4500000e-001  1.9600129e-002  1.4500000e-001  1.3203621e-001
  1.4600000e-001  3.9015063e-002  1.4600000e-001  1.4065318e-001
  1.4700000e-001  7.6074873e-002  1.4700000e-001  1.4874638e-001
  1.4800000e-001  1.1348227e-001  1.4800000e-001  1.5627448e-001
  1.4900000e-001  1.4876705e-001  1.4900000e-001  1.6320095e-001
