  0.0000000e+000  1.0000000e+000  0.0000000e+000  1.0000000e+000
  1.0000000e-003  1.0465481e+000  1.0000000e-003  1.0119308e+000
  2.0000000e-003  1.0423024e+000  2.0000000e-003  1.0187911e+000
  3.0000000e-003  9.7901080e-001  3.0000000e-003  1.0205657e+000
  4.0000000e-003  8.6321183e-001  4.0000000e-003  1.0179509e+000
  5.0000000e-003  7.0737984e-001  5.0000000e-003  1.0107544e+000
  6.0000000e-003  5.2733237e-001  6.0000000e-003  9.9892600e-001
  7.0000000e-003  3.5398900e-001  7.0000000e-003  9.8176503e-001
  8.0000000e-003  2.2122449e-001  8.0000000e-003  9.5926188e-001
  9.0000000e-003  1.1929006e-001  9.0000000e-003  9.3176951e-001
  1.0000000e-002  5.3970301e-002  1.0000000e-002  8.9991561e-001
  1.1000000e-002  4.5677315e-002  1.1000000e-002  8.6449971e-001
  1.2000000e-002  7.1517325e-002  1.2000000e-002  8.2617923e-001
  1.3000000e-002  1.1292047e-001  1.3000000e-002  7.8525225e-001
  1.4000000e-002  1.6193433e-001  1.4000000e-002  7.4198255e-001
  1.5000000e-002  2.1072561e-001  1.5000000e-002  6.9728271e-001
  1.6000000e-002  2.5076810e-001  1.6000000e-002  6.5162426e-001
  1.7000000e-002  2.8111638e-001  1.7000000e-002  6.0504383e-001
  1.8000000e-002  3.0409666e-001  1.8000000e-002  5.5836993e-001
  1.9000000e-002  3.1366980e-001  1.9000000e-002  5.1274212e-001
  2.0000000e-002  3.1004888e-001  2.0000000e-002  4.6918785e-001
  2.1000000e-002  2.9437003e-001  2.1000000e-002  4.2805503e-001
  2.2000000e-002  2.6441529e-001  2.2000000e-002  3.8951245e-001
  2.3000000e-002  2.2063953e-001  2.3000000e-002  3.5367921e-001
  2.4000000e-002  1.6986561e-001  2.4000000e-002  3.2057460e-001
  2.5000000e-002  1.1835110e-001  2.5000000e-002  2.9015754e-001
  2.6000000e-002  7.4584182e-002  2.6000000e-002  2.6229464e-001
  2.7000000e-002  4.9327916e-002  2.7000000e-002  2.3704435e-001
  2.8000000e-002  3.8436328e-002  2.8000000e-002  2.1454251e-001
  2.9000000e-002  4.3325630e-002  2.9000000e-002  1.9458693e-001
  3.0000000e-002  7.3772658e-002  3.0000000e-002  1.7701332e-001
  3.1000000e-002  1.3546090e-001  3.1000000e-002  1.6176170e-001
  3.2000000e-002  2.1155630e-001  3.2000000e-002  1.4877436e-001
  3.3000000e-002  2.9113185e-001  3.3000000e-002  1.3800540e-001
  3.4000000e-002  3.6228686e-001  3.4000000e-002  1.2946952e-001
  3.5000000e-002  4.1726069e-001  3.5000000e-002  1.2319427e-001
  3.6000000e-002  4.4693391e-001  3.6000000e-002  1.1910450e-001
  3.7000000e-002  4.4889911e-001  3.7000000e-002  1.1701093e-001
  3.8000000e-002  4.2521839e-001  3.8000000e-002  1.1669876e-001
  3.9000000e-002  3.8204765e-001  3.9000000e-002  1.1804309e-001
  4.0000000e-002  3.2523026e-001  4.0000000e-002  1.2125234e-001
  4.1000000e-002  2.5951257e-001  4.1000000e-002  1.2743312e-001
  4.2000000e-002  1.8901481e-001  4.2000000e-002  1.3501820e-001
  4.3000000e-002  1.1972980e-001  4.3000000e-002  1.4369820e-001
  4.4000000e-002  5.9806569e-002  4.4000000e-002  1.5341636e-001
  4.5000000e-002  1.7051263e-002  4.5000000e-002  1.6398172e-001
  4.6000000e-002  9.4274449e-003  4.6000000e-002  1.7505745e-001
  4.7000000e-002  2.4594471e-002  4.7000000e-002  1.8634064e-001
  4.8000000e-002  2.7965166e-002  4.8000000e-002  1.9759125e-001
  4.9000000e-002  1.9373435e-002  4.9000000e-002  2.0848832e-001
  5.0000000e-002  6.1487700e-003  5.0000000e-002  2.1861361e-001
  5.1000000e-002  1.0655052e-002  5.1000000e-002  2.2755822e-001
  5.2000000e-002  3.2465871e-002  5.2000000e-002  2.3504736e-001
  5.3000000e-002  5.1360121e-002  5.3000000e-002  2.4095833e-001
  5.4000000e-002  6.4233682e-002  5.4000000e-002  2.4523444e-001
  5.5000000e-002  7.0498138e-002  5.5000000e-002  2.4788782e-001
  5.6000000e-002  7.1670215e-002  5.6000000e-002  2.4903768e-001
  5.7000000e-002  6.9161871e-002  5.7000000e-002  2.4867134e-001
  5.8000000e-002  6.1951768e-002  5.8000000e-002  2.4751449e-001
  5.9000000e-002  4.9755990e-002  5.9000000e-002  2.4641104e-001
  6.0000000e-002  3.8448428e-002  6.0000000e-002  2.4328328e-001
  6.1000000e-002  2.7204857e-002  6.1000000e-002  2.3827652e-001
  6.2000000e-002  2.8354107e-002  6.2000000e-002  2.3178750e-001
  6.3000000e-002  3.4717435e-002  6.3000000e-002  2.2459172e-001
  6.4000000e-002  4.5657331e-002  6.4000000e-002  2.1734794e-001
  6.5000000e-002  6.2596949e-002  6.5000000e-002  2.0942581e-001
  6.6000000e-002  8.8135097e-002  6.6000000e-002  2.0086075e-001
  6.7000000e-002  1.1043823e-001  6.7000000e-002  1.9185850e-001
  6.8000000e-002  1.2552732e-001  6.8000000e-002  1.8262194e-001
  6.9000000e-002  1.3180565e-001  6.9000000e-002  1.7331035e-001
  7.0000000e-002  1.3242739e-001  7.0000000e-002  1.6404432e-001
  7.1000000e-002  1.2766095e-001  7.1000000e-002  1.5494498e-001
  7.2000000e-002  1.1426352e-001  7.2000000e-002  1.4627421e-001
  7.3000000e-002  9.5116100e-002  7.3000000e-002  1.3838350e-001
  7.4000000e-002  7.7580701e-002  7.4000000e-002  1.3134006e-001
  7.5000000e-002  5.7051994e-002  7.5000000e-002  1.2497838e-001
  7.6000000e-002  3.6647138e-002  7.6000000e-002  1.1931582e-001
  7.7000000e-002  1.9934939e-002  7.7000000e-002  1.1442794e-001
  7.8000000e-002  8.8271476e-003  7.8000000e-002  1.1034656e-001
  7.9000000e-002  7.4256529e-004  7.9000000e-002  1.0691415e-001
  8.0000000e-002  6.5645422e-003  8.0000000e-002  1.0392032e-001
  8.1000000e-002  4.4070252e-003  8.1000000e-002  1.0127996e-001
  8.2000000e-002  1.1240259e-002  8.2000000e-002  9.8918266e-002
  8.3000000e-002  3.0557666e-002  8.3000000e-002  9.7012963e-002
  8.4000000e-002  4.5251893e-002  8.4000000e-002  9.5343783e-002
  8.5000000e-002  6.1620797e-002  8.5000000e-002  9.3392274e-002
  8.6000000e-002  8.0847509e-002  8.6000000e-002  9.1312680e-002
  8.7000000e-002  9.5028933e-002  8.7000000e-002  8.8830992e-002
  8.8000000e-002  9.9984022e-002  8.8000000e-002  8.6316792e-002
  8.9000000e-002  9.3222609e-002  8.9000000e-002  8.3944979e-002
  9.0000000e-002  7.6339857e-002  9.0000000e-002  8.1782033e-002
  9.1000000e-002  5.5276706e-002  9.1000000e-002  7.9901590e-002
  9.2000000e-002  3.5319959e-002  9.2000000e-002  7.8520905e-002
  9.3000000e-002  1.8135410e-002  9.3000000e-002  7.7620101e-002
  9.4000000e-002  4.5026219e-003  9.4000000e-002  7.7723666e-002
  9.5000000e-002  8.7393922e-004  9.5000000e-002  8.0737731e-002
  9.6000000e-002  5.2361704e-003  9.6000000e-002  8.4745359e-002
  9.7000000e-002  1.8963390e-002  9.7000000e-002  8.9938104e-002
  9.8000000e-002  3.8283909e-002  9.8000000e-002  9.5547214e-002
  9.9000000e-002  5.9745073e-002  9.9000000e-002  1.0123625e-001
  1.0000000e-001  8.2679699e-002  1.0000000e-001  1.0669876e-001
  1.0100000e-001  1.0404736e-001  1.0100000e-001  1.1185277e-001
  1.0200000e-001  1.1949789e-001  1.0200000e-001  1.1673545e-001
  1.0300000e-001  1.2724190e-001  1.0300000e-001  1.2112695e-001
  1.0400000e-001  1.2701840e-001  1.0400000e-001  1.2492146e-001
  1.0500000e-001  1.1725979e-001  1.0500000e-001  1.2857893e-001
  1.0600000e-001  9.7722209e-002  1.0600000e-001  1.3176785e-001
  1.0700000e-001  7.0828955e-002  1.0700000e-001  1.3394128e-001
  1.0800000e-001  3.5416542e-002  1.0800000e-001  1.3496267e-001
  1.0900000e-001  2.4170941e-003  1.0900000e-001  1.3479418e-001
  1.1000000e-001  3.5018104e-002  1.1000000e-001  1.3347773e-001
  1.1100000e-001  6.3144039e-002  1.1100000e-001  1.3101355e-001
  1.1200000e-001  8.3869595e-002  1.1200000e-001  1.2749813e-001
  1.1300000e-001  8.8194341e-002  1.1300000e-001  1.2325965e-001
  1.1400000e-001  8.1490901e-002  1.1400000e-001  1.1845528e-001
  1.1500000e-001  6.7738943e-002  1.1500000e-001  1.1311264e-001
  1.1600000e-001  5.1249425e-002  1.1600000e-001  1.0715716e-001
  1.1700000e-001  3.3760908e-002  1.1700000e-001  1.0054412e-001
  1.1800000e-001  1.0251240e-002  1.1800000e-001  9.3334945e-002
  1.1900000e-001  1.5662973e-002  1.1900000e-001  8.5605952e-002
  1.2000000e-001  3.6485520e-002  1.2000000e-001  7.7457626e-002
  1.2100000e-001  4.5051320e-002  1.2100000e-001  6.8994012e-002
  1.2200000e-001  4.5196331e-002  1.2200000e-001  6.0320512e-002
  1.2300000e-001  3.8168457e-002  1.2300000e-001  5.1540918e-002
  1.2400000e-001  2.6195601e-002  1.2400000e-001  4.1811091e-002
  1.2500000e-001  1.0179469e-002  1.2500000e-001  3.1538108e-002
  1.2600000e-001  9.9312832e-003  1.2600000e-001  2.1591625e-002
  1.2700000e-001  2.9729546e-002  1.2700000e-001  1.2119500e-002
  1.2800000e-001  4.5571877e-002  1.2800000e-001  3.3091502e-003
  1.2900000e-001  6.1309057e-002  1.2900000e-001  4.6885035e-003
  1.3000000e-001  7.2538811e-002  1.3000000e-001  1.2329164e-002
  1.3100000e-001  7.9387597e-002  1.3100000e-001  1.9900058e-002
  1.3200000e-001  7.8404667e-002  1.3200000e-001  2.7310558e-002
  1.3300000e-001  7.3247785e-002  1.3300000e-001  3.4303416e-002
  1.3400000e-001  6.6299070e-002  1.3400000e-001  4.0209095e-002
  1.3500000e-001  5.5953604e-002  1.3500000e-001  4.5417819e-002
  1.3600000e-001  3.5368259e-002  1.3600000e-001  4.9499069e-002
  1.3700000e-001  1.2317320e-002  1.3700000e-001  5.2335996e-002
  1.3800000e-001  9.3235402e-003  1.3800000e-001  5.4012883e-002
  1.3900000e-001  3.3178179e-002  1.3900000e-001  5.4756507e-002
  1.4000000e-001  5.5098871e-002  1.4000000e-001  5.4540690e-002
  1.4100000e-001  6.8646950e-002  1.4100000e-001  5.3230255e-002
  1.4200000e-001  7.5074435e-002  1.4200000e-001  5.0776390e-002
  1.4300000e-001  6.4437364e-002  1.4300000e-001  4.6681208e-002
  1.4400000e-001  4.9027260e-002  1.4400000e-001  4.1687542e-002
  1.4500000e-001  2.9845527e-002  1.4500000e-001  3.6272636e-002
  1.4600000e-001  7.9540287e-003  1.4600000e-001  3.0582591e-002
  1.4700000e-001  1.1398007e-002  1.4700000e-001  2.4685253e-002
  1.4800000e-001  2.8211593e-002  1.4800000e-001  1.8730104e-002
  1.4900000e-001  4.4094289e-002  1.4900000e-001  1.2764032e-002
