  0.0000000e+000  1.0000000e+000  0.0000000e+000  1.0000000e+000
  1.0000000e-003  9.6735419e-001  1.0000000e-003  9.9264863e-001
  2.0000000e-003  8.8511735e-001  2.0000000e-003  9.8156140e-001
  3.0000000e-003  7.6568942e-001  3.0000000e-003  9.6667220e-001
  4.0000000e-003  6.2695442e-001  4.0000000e-003  9.4794753e-001
  5.0000000e-003  4.9444637e-001  5.0000000e-003  9.2568741e-001
  6.0000000e-003  3.8502442e-001  6.0000000e-003  9.0005235e-001
  7.0000000e-003  3.0393262e-001  7.0000000e-003  8.7156987e-001
  8.0000000e-003  2.4337287e-001  8.0000000e-003  8.4043274e-001
  9.0000000e-003  1.9428281e-001  9.0000000e-003  8.0572174e-001
  1.0000000e-002  1.6502727e-001  1.0000000e-002  7.6774000e-001
  1.1000000e-002  1.5400650e-001  1.1000000e-002  7.2687842e-001
  1.2000000e-002  1.5943939e-001  1.2000000e-002  6.8362591e-001
  1.3000000e-002  1.8126836e-001  1.3000000e-002  6.3864535e-001
  1.4000000e-002  2.1783989e-001  1.4000000e-002  5.9244414e-001
  1.5000000e-002  2.5980182e-001  1.5000000e-002  5.4550345e-001
  1.6000000e-002  2.9850491e-001  1.6000000e-002  4.9863453e-001
  1.7000000e-002  3.3068928e-001  1.7000000e-002  4.5317427e-001
  1.8000000e-002  3.5170139e-001  1.8000000e-002  4.1228025e-001
  1.9000000e-002  3.5722537e-001  1.9000000e-002  3.7442200e-001
  2.0000000e-002  3.4646360e-001  2.0000000e-002  3.3886428e-001
  2.1000000e-002  3.1538723e-001  2.1000000e-002  3.0546445e-001
  2.2000000e-002  2.7101924e-001  2.2000000e-002  2.7406411e-001
  2.3000000e-002  2.2452878e-001  2.3000000e-002  2.4414552e-001
  2.4000000e-002  1.7957029e-001  2.4000000e-002  2.1558921e-001
  2.5000000e-002  1.3918595e-001  2.5000000e-002  1.8894851e-001
  2.6000000e-002  1.0738674e-001  2.6000000e-002  1.6463467e-001
  2.7000000e-002  8.8258067e-002  2.7000000e-002  1.4291060e-001
  2.8000000e-002  7.6419544e-002  2.8000000e-002  1.2307842e-001
  2.9000000e-002  7.4309776e-002  2.9000000e-002  1.0531817e-001
  3.0000000e-002  8.4212046e-002  3.0000000e-002  9.0073956e-002
  3.1000000e-002  1.1039357e-001  3.1000000e-002  7.7899214e-002
  3.2000000e-002  1.3718974e-001  3.2000000e-002  6.9464818e-002
  3.3000000e-002  1.6097484e-001  3.3000000e-002  6.5304954e-002
  3.4000000e-002  1.7390183e-001  3.4000000e-002  6.5444439e-002
  3.5000000e-002  1.7606126e-001  3.5000000e-002  6.9421434e-002
  3.6000000e-002  1.6167376e-001  3.6000000e-002  7.6660553e-002
  3.7000000e-002  1.3876559e-001  3.7000000e-002  8.6663635e-002
  3.8000000e-002  1.1516108e-001  3.8000000e-002  9.9048851e-002
  3.9000000e-002  8.4807446e-002  3.9000000e-002  1.1338616e-001
  4.0000000e-002  5.2355484e-002  4.0000000e-002  1.2910130e-001
  4.1000000e-002  1.9767328e-002  4.1000000e-002  1.4506840e-001
  4.2000000e-002  6.7351219e-003  4.2000000e-002  1.6041660e-001
  4.3000000e-002  2.1434973e-002  4.3000000e-002  1.7483745e-001
  4.4000000e-002  2.2905229e-002  4.4000000e-002  1.8799602e-001
  4.5000000e-002  9.0168707e-003  4.5000000e-002  1.9961934e-001
  4.6000000e-002  7.5313162e-003  4.6000000e-002  2.0981516e-001
  4.7000000e-002  2.8618619e-002  4.7000000e-002  2.1821893e-001
  4.8000000e-002  5.6226739e-002  4.8000000e-002  2.2428836e-001
  4.9000000e-002  9.2872421e-002  4.9000000e-002  2.2787271e-001
  5.0000000e-002  1.3303451e-001  5.0000000e-002  2.2913103e-001
  5.1000000e-002  1.6563232e-001  5.1000000e-002  2.2840045e-001
  5.2000000e-002  1.9033313e-001  5.2000000e-002  2.2616026e-001
  5.3000000e-002  2.0021643e-001  5.3000000e-002  2.2252346e-001
  5.4000000e-002  1.9294987e-001  5.4000000e-002  2.1743094e-001
  5.5000000e-002  1.7452913e-001  5.5000000e-002  2.1171993e-001
  5.6000000e-002  1.5220188e-001  5.6000000e-002  2.0657073e-001
  5.7000000e-002  1.2750864e-001  5.7000000e-002  2.0221446e-001
  5.8000000e-002  1.0389342e-001  5.8000000e-002  1.9922015e-001
  5.9000000e-002  7.8550427e-002  5.9000000e-002  1.9550285e-001
  6.0000000e-002  5.5789630e-002  6.0000000e-002  1.8994902e-001
  6.1000000e-002  4.7038857e-002  6.1000000e-002  1.8242783e-001
  6.2000000e-002  4.7014411e-002  6.2000000e-002  1.7339794e-001
  6.3000000e-002  5.7142652e-002  6.3000000e-002  1.6310121e-001
  6.4000000e-002  7.3931199e-002  6.4000000e-002  1.5154086e-001
  6.5000000e-002  9.1255512e-002  6.5000000e-002  1.3885157e-001
  6.6000000e-002  1.0904872e-001  6.6000000e-002  1.2525130e-001
  6.7000000e-002  1.2431333e-001  6.7000000e-002  1.1104505e-001
  6.8000000e-002  1.3357378e-001  6.8000000e-002  9.6483183e-002
  6.9000000e-002  1.3413250e-001  6.9000000e-002  8.1766185e-002
  7.0000000e-002  1.2269365e-001  7.0000000e-002  6.7122273e-002
  7.1000000e-002  1.0150067e-001  7.1000000e-002  5.2476065e-002
  7.2000000e-002  7.2769822e-002  7.2000000e-002  3.8663767e-002
  7.3000000e-002  3.6059047e-002  7.3000000e-002  2.4933746e-002
  7.4000000e-002  5.2637605e-003  7.4000000e-002  1.2063201e-002
  7.5000000e-002  4.4554675e-002  7.5000000e-002  1.6387084e-003
  7.6000000e-002  7.2727910e-002  7.6000000e-002  6.0744936e-003
  7.7000000e-002  8.5344271e-002  7.7000000e-002  1.2470882e-002
  7.8000000e-002  8.6113288e-002  7.8000000e-002  1.7622039e-002
  7.9000000e-002  7.6720005e-002  7.9000000e-002  2.1357477e-002
  8.0000000e-002  5.7285714e-002  8.0000000e-002  2.3596773e-002
  8.1000000e-002  3.0548795e-002  8.1000000e-002  2.3953216e-002
  8.2000000e-002  2.0628868e-003  8.2000000e-002  2.2155293e-002
  8.3000000e-002  3.4468310e-002  8.3000000e-002  1.9235568e-002
  8.4000000e-002  6.3998867e-002  8.4000000e-002  1.3289099e-002
  8.5000000e-002  8.7084345e-002  8.5000000e-002  3.4426569e-003
  8.6000000e-002  1.0130882e-001  8.6000000e-002  1.0107530e-002
  8.7000000e-002  1.0771061e-001  8.7000000e-002  2.6823773e-002
  8.8000000e-002  1.0623803e-001  8.8000000e-002  4.6296122e-002
  8.9000000e-002  9.7156668e-002  8.9000000e-002  6.8141302e-002
  9.0000000e-002  8.3326548e-002  9.0000000e-002  9.1569197e-002
  9.1000000e-002  6.3800765e-002  9.1000000e-002  1.1573973e-001
  9.2000000e-002  4.6539271e-002  9.2000000e-002  1.4056228e-001
  9.3000000e-002  2.5252111e-002  9.3000000e-002  1.6538644e-001
  9.4000000e-002  2.4135601e-003  9.4000000e-002  1.8950156e-001
  9.5000000e-002  1.7116177e-002  9.5000000e-002  2.1275654e-001
  9.6000000e-002  2.9027740e-002  9.6000000e-002  2.3482386e-001
  9.7000000e-002  3.2056003e-002  9.7000000e-002  2.5514058e-001
  9.8000000e-002  2.8112891e-002  9.8000000e-002  2.7323822e-001
  9.9000000e-002  1.8786684e-002  9.9000000e-002  2.8890382e-001
  1.0000000e-001  6.9500205e-003  1.0000000e-001  3.0210953e-001
  1.0100000e-001  9.9370009e-003  1.0100000e-001  3.1293844e-001
  1.0200000e-001  2.3719370e-002  1.0200000e-001  3.2144610e-001
  1.0300000e-001  3.0319862e-002  1.0300000e-001  3.2762542e-001
  1.0400000e-001  3.7642657e-002  1.0400000e-001  3.3160389e-001
  1.0500000e-001  4.3199143e-002  1.0500000e-001  3.3364988e-001
  1.0600000e-001  3.9650190e-002  1.0600000e-001  3.3388873e-001
  1.0700000e-001  2.9009672e-002  1.0700000e-001  3.3225038e-001
  1.0800000e-001  1.3847691e-002  1.0800000e-001  3.2869874e-001
  1.0900000e-001  4.8986800e-003  1.0900000e-001  3.2356084e-001
  1.1000000e-001  2.2461625e-002  1.1000000e-001  3.1905878e-001
  1.1100000e-001  3.0275038e-002  1.1100000e-001  3.1364157e-001
  1.1200000e-001  2.7584140e-002  1.1200000e-001  3.0636988e-001
  1.1300000e-001  1.5333807e-002  1.1300000e-001  2.9729888e-001
  1.1400000e-001  4.0740181e-004  1.1400000e-001  2.8641218e-001
  1.1500000e-001  1.4584251e-002  1.1500000e-001  2.7363042e-001
  1.1600000e-001  2.7178215e-002  1.1600000e-001  2.5907000e-001
  1.1700000e-001  3.8863589e-002  1.1700000e-001  2.4297858e-001
  1.1800000e-001  5.1633324e-002  1.1800000e-001  2.2556577e-001
  1.1900000e-001  6.9240554e-002  1.1900000e-001  2.0702478e-001
  1.2000000e-001  8.6169830e-002  1.2000000e-001  1.8764745e-001
  1.2100000e-001  9.4675492e-002  1.2100000e-001  1.6779775e-001
  1.2200000e-001  9.3118641e-002  1.2200000e-001  1.4780877e-001
  1.2300000e-001  7.8300893e-002  1.2300000e-001  1.2796231e-001
  1.2400000e-001  5.3134706e-002  1.2400000e-001  1.0853393e-001
  1.2500000e-001  2.4221727e-002  1.2500000e-001  8.9818151e-002
  1.2600000e-001  7.8753243e-003  1.2600000e-001  7.1758197e-002
  1.2700000e-001  1.4039360e-002  1.2700000e-001  5.3755003e-002
  1.2800000e-001  4.1621293e-002  1.2800000e-001  3.5529994e-002
  1.2900000e-001  6.9472868e-002  1.2900000e-001  1.6438051e-002
  1.3000000e-001  8.4242496e-002  1.3000000e-001  3.4316785e-003
  1.3100000e-001  7.9964180e-002  1.3100000e-001  2.3092444e-002
  1.3200000e-001  6.2411812e-002  1.3200000e-001  4.1424979e-002
  1.3300000e-001  3.5827704e-002  1.3300000e-001  5.6800942e-002
  1.3400000e-001  3.5762253e-003  1.3400000e-001  6.7902716e-002
  1.3500000e-001  2.9634465e-002  1.3500000e-001  7.5220971e-002
  1.3600000e-001  5.7984855e-002  1.3600000e-001  7.8798390e-002
  1.3700000e-001  7.5795266e-002  1.3700000e-001  7.9331011e-002
  1.3800000e-001  8.6529682e-002  1.3800000e-001  7.7495863e-002
  1.3900000e-001  9.1319898e-002  1.3900000e-001  7.3639609e-002
  1.4000000e-001  8.5804637e-002  1.4000000e-001  6.7994100e-002
  1.4100000e-001  7.6242418e-002  1.4100000e-001  6.0811917e-002
  1.4200000e-001  6.7449130e-002  1.4200000e-001  5.1621466e-002
  1.4300000e-001  5.2984713e-002  1.4300000e-001  4.0842459e-002
  1.4400000e-001  3.5628432e-002  1.4400000e-001  2.9381465e-002
  1.4500000e-001  1.9117931e-002  1.4500000e-001  1.7360986e-002
  1.4600000e-001  5.7463667e-003  1.4600000e-001  4.9210249e-003
  1.4700000e-001  1.0489916e-002  1.4700000e-001  7.7326229e-003
  1.4800000e-001  2.7371490e-002  1.4800000e-001  2.0026799e-002
  1.4900000e-001  4.1391170e-002  1.4900000e-001  3.1104730e-002
