  0.0000000e+000  1.0000000e+000  0.0000000e+000  1.0000000e+000
  1.0000000e-003  1.0772049e+000  1.0000000e-003  9.8902437e-001
  2.0000000e-003  1.1003387e+000  2.0000000e-003  9.7370404e-001
  3.0000000e-003  1.0758814e+000  3.0000000e-003  9.5464076e-001
  4.0000000e-003  1.0053475e+000  4.0000000e-003  9.3201355e-001
  5.0000000e-003  8.8439881e-001  5.0000000e-003  9.0596777e-001
  6.0000000e-003  7.0810635e-001  6.0000000e-003  8.7667278e-001
  7.0000000e-003  4.9824093e-001  7.0000000e-003  8.4421707e-001
  8.0000000e-003  3.0331901e-001  8.0000000e-003  8.0886630e-001
  9.0000000e-003  1.4566740e-001  9.0000000e-003  7.7080465e-001
  1.0000000e-002  3.3073335e-002  1.0000000e-002  7.3019335e-001
  1.1000000e-002  2.7339607e-002  1.1000000e-002  6.8742370e-001
  1.2000000e-002  3.6145826e-002  1.2000000e-002  6.4382228e-001
  1.3000000e-002  9.7784428e-003  1.3000000e-002  5.9889575e-001
  1.4000000e-002  4.7393273e-002  1.4000000e-002  5.5301638e-001
  1.5000000e-002  1.2288863e-001  1.5000000e-002  5.0679485e-001
  1.6000000e-002  2.0553949e-001  1.6000000e-002  4.6086534e-001
  1.7000000e-002  2.9893999e-001  1.7000000e-002  4.1632516e-001
  1.8000000e-002  3.9360325e-001  1.8000000e-002  3.7466777e-001
  1.9000000e-002  4.8712770e-001  1.9000000e-002  3.3488053e-001
  2.0000000e-002  5.7503223e-001  2.0000000e-002  2.9795291e-001
  2.1000000e-002  6.3276598e-001  2.1000000e-002  2.6471575e-001
  2.2000000e-002  6.4778212e-001  2.2000000e-002  2.3547361e-001
  2.3000000e-002  6.1033247e-001  2.3000000e-002  2.0979199e-001
  2.4000000e-002  5.2213175e-001  2.4000000e-002  1.8659602e-001
  2.5000000e-002  3.9713582e-001  2.5000000e-002  1.6579744e-001
  2.6000000e-002  2.7188671e-001  2.6000000e-002  1.5063869e-001
  2.7000000e-002  1.8350919e-001  2.7000000e-002  1.3693946e-001
  2.8000000e-002  1.1481571e-001  2.8000000e-002  1.2530498e-001
  2.9000000e-002  7.2191356e-002  2.9000000e-002  1.1515484e-001
  3.0000000e-002  4.6602545e-002  3.0000000e-002  1.0658520e-001
  3.1000000e-002  3.4122125e-002  3.1000000e-002  9.9896172e-002
  3.2000000e-002  3.2854877e-002  3.2000000e-002  9.5481611e-002
  3.3000000e-002  5.2036703e-002  3.3000000e-002  9.3304756e-002
  3.4000000e-002  8.0158849e-002  3.4000000e-002  9.3358672e-002
  3.5000000e-002  1.1368115e-001  3.5000000e-002  9.5443828e-002
  3.6000000e-002  1.5659732e-001  3.6000000e-002  9.9310309e-002
  3.7000000e-002  2.0010558e-001  3.7000000e-002  1.0472063e-001
  3.8000000e-002  2.3305689e-001  3.8000000e-002  1.1146953e-001
  3.9000000e-002  2.4764690e-001  3.9000000e-002  1.1941031e-001
  4.0000000e-002  2.3430640e-001  4.0000000e-002  1.2920147e-001
  4.1000000e-002  1.9480797e-001  4.1000000e-002  1.4107177e-001
  4.2000000e-002  1.3835950e-001  4.2000000e-002  1.5382349e-001
  4.3000000e-002  8.0425010e-002  4.3000000e-002  1.6791533e-001
  4.4000000e-002  3.3566243e-002  4.4000000e-002  1.8221558e-001
  4.5000000e-002  2.6276844e-003  4.5000000e-002  1.9609669e-001
  4.6000000e-002  2.1349246e-002  4.6000000e-002  2.0947309e-001
  4.7000000e-002  3.1250123e-002  4.7000000e-002  2.2226339e-001
  4.8000000e-002  2.2028844e-002  4.8000000e-002  2.3409762e-001
  4.9000000e-002  4.0726060e-003  4.9000000e-002  2.4481598e-001
  5.0000000e-002  3.0134809e-002  5.0000000e-002  2.5413653e-001
  5.1000000e-002  8.4455732e-002  5.1000000e-002  2.6185712e-001
  5.2000000e-002  1.4800321e-001  5.2000000e-002  2.6781632e-001
  5.3000000e-002  1.9943669e-001  5.3000000e-002  2.7193292e-001
  5.4000000e-002  2.2826631e-001  5.4000000e-002  2.7417550e-001
  5.5000000e-002  2.2738138e-001  5.5000000e-002  2.7444877e-001
  5.6000000e-002  1.8640373e-001  5.6000000e-002  2.7239324e-001
  5.7000000e-002  1.1445466e-001  5.7000000e-002  2.6804159e-001
  5.8000000e-002  2.8719570e-002  5.8000000e-002  2.6208111e-001
  5.9000000e-002  5.1025152e-002  5.9000000e-002  2.5477247e-001
  6.0000000e-002  1.1414855e-001  6.0000000e-002  2.4635191e-001
  6.1000000e-002  1.5669877e-001  6.1000000e-002  2.3707558e-001
  6.2000000e-002  1.6230469e-001  6.2000000e-002  2.2709288e-001
  6.3000000e-002  1.4125887e-001  6.3000000e-002  2.1620896e-001
  6.4000000e-002  1.1050457e-001  6.4000000e-002  2.0437086e-001
  6.5000000e-002  7.2372929e-002  6.5000000e-002  1.9161270e-001
  6.6000000e-002  3.0152281e-002  6.6000000e-002  1.7798909e-001
  6.7000000e-002  1.1912887e-002  6.7000000e-002  1.6528642e-001
  6.8000000e-002  5.6258915e-002  6.8000000e-002  1.5291152e-001
  6.9000000e-002  1.0026884e-001  6.9000000e-002  1.3975447e-001
  7.0000000e-002  1.4556770e-001  7.0000000e-002  1.2610603e-001
  7.1000000e-002  1.8942534e-001  7.1000000e-002  1.1225525e-001
  7.2000000e-002  2.3125198e-001  7.2000000e-002  9.9048668e-002
  7.3000000e-002  2.6159961e-001  7.3000000e-002  8.7466167e-002
  7.4000000e-002  2.6630128e-001  7.4000000e-002  7.6974693e-002
  7.5000000e-002  2.3754444e-001  7.5000000e-002  6.8197793e-002
  7.6000000e-002  1.8460518e-001  7.6000000e-002  6.1269249e-002
  7.7000000e-002  1.1391591e-001  7.7000000e-002  5.5207419e-002
  7.8000000e-002  3.0804488e-002  7.8000000e-002  4.9792346e-002
  7.9000000e-002  4.3225176e-002  7.9000000e-002  4.4917511e-002
  8.0000000e-002  9.0843355e-002  8.0000000e-002  4.0504842e-002
  8.1000000e-002  1.1144554e-001  8.1000000e-002  3.6383486e-002
  8.2000000e-002  1.1371816e-001  8.2000000e-002  3.2146988e-002
  8.3000000e-002  1.0458446e-001  8.3000000e-002  2.8694629e-002
  8.4000000e-002  8.0070818e-002  8.4000000e-002  2.6851658e-002
  8.5000000e-002  4.3381431e-002  8.5000000e-002  2.6661371e-002
  8.6000000e-002  2.5331465e-003  8.6000000e-002  2.8854497e-002
  8.7000000e-002  3.5291241e-002  8.7000000e-002  3.3006907e-002
  8.8000000e-002  7.1798180e-002  8.8000000e-002  3.8480043e-002
  8.9000000e-002  1.0583363e-001  8.9000000e-002  4.5093417e-002
  9.0000000e-002  1.3360612e-001  9.0000000e-002  5.2738555e-002
  9.1000000e-002  1.4649094e-001  9.1000000e-002  6.1153801e-002
  9.2000000e-002  1.3952243e-001  9.2000000e-002  7.0110150e-002
  9.3000000e-002  1.1799247e-001  9.3000000e-002  7.9321302e-002
  9.4000000e-002  8.5539765e-002  9.4000000e-002  8.8663710e-002
  9.5000000e-002  5.6128014e-002  9.5000000e-002  9.8018319e-002
  9.6000000e-002  2.3484397e-002  9.6000000e-002  1.0726475e-001
  9.7000000e-002  2.6465103e-002  9.7000000e-002  1.1649393e-001
  9.8000000e-002  8.3764188e-002  9.8000000e-002  1.2558589e-001
  9.9000000e-002  1.4173412e-001  9.9000000e-002  1.3433176e-001
  1.0000000e-001  2.0174404e-001  1.0000000e-001  1.4275807e-001
  1.0100000e-001  2.4609149e-001  1.0100000e-001  1.5068248e-001
  1.0200000e-001  2.6709296e-001  1.0200000e-001  1.5777934e-001
  1.0300000e-001  2.6415006e-001  1.0300000e-001  1.6382726e-001
  1.0400000e-001  2.4051672e-001  1.0400000e-001  1.6846454e-001
  1.0500000e-001  2.1009249e-001  1.0500000e-001  1.7145929e-001
  1.0600000e-001  1.7088570e-001  1.0600000e-001  1.7272908e-001
  1.0700000e-001  1.3376352e-001  1.0700000e-001  1.7220543e-001
  1.0800000e-001  1.0067920e-001  1.0800000e-001  1.7009522e-001
  1.0900000e-001  7.2064635e-002  1.0900000e-001  1.6663237e-001
  1.1000000e-001  4.6639874e-002  1.1000000e-001  1.6191730e-001
  1.1100000e-001  2.4323035e-002  1.1100000e-001  1.5595998e-001
  1.1200000e-001  4.5810798e-003  1.1200000e-001  1.4882529e-001
  1.1300000e-001  1.3177760e-002  1.1300000e-001  1.4064262e-001
  1.1400000e-001  3.3689569e-002  1.1400000e-001  1.3137783e-001
  1.1500000e-001  5.5461664e-002  1.1500000e-001  1.2107268e-001
  1.1600000e-001  7.6065773e-002  1.1600000e-001  1.1101965e-001
  1.1700000e-001  9.6199664e-002  1.1700000e-001  1.0168424e-001
  1.1800000e-001  1.1661143e-001  1.1800000e-001  9.1991836e-002
  1.1900000e-001  1.3326554e-001  1.1900000e-001  8.2092303e-002
  1.2000000e-001  1.3950012e-001  1.2000000e-001  7.2611538e-002
  1.2100000e-001  1.4196168e-001  1.2100000e-001  6.3704927e-002
  1.2200000e-001  1.5679972e-001  1.2200000e-001  5.5516624e-002
  1.2300000e-001  1.7757996e-001  1.2300000e-001  4.9287936e-002
  1.2400000e-001  1.7955205e-001  1.2400000e-001  4.4405915e-002
  1.2500000e-001  1.7683253e-001  1.2500000e-001  4.0239853e-002
  1.2600000e-001  1.7042040e-001  1.2600000e-001  3.6881544e-002
  1.2700000e-001  1.6156368e-001  1.2700000e-001  3.4520933e-002
  1.2800000e-001  1.4819931e-001  1.2800000e-001  3.3343498e-002
  1.2900000e-001  1.3724332e-001  1.2900000e-001  3.3439125e-002
  1.3000000e-001  1.2865995e-001  1.3000000e-001  3.4692187e-002
  1.3100000e-001  1.2714555e-001  1.3100000e-001  3.6702799e-002
  1.3200000e-001  1.3767462e-001  1.3200000e-001  3.9283102e-002
  1.3300000e-001  1.5575912e-001  1.3300000e-001  4.2416345e-002
  1.3400000e-001  1.6989599e-001  1.3400000e-001  4.6321800e-002
  1.3500000e-001  1.8277845e-001  1.3500000e-001  5.1143351e-002
  1.3600000e-001  1.8346233e-001  1.3600000e-001  5.6936888e-002
  1.3700000e-001  1.6488333e-001  1.3700000e-001  6.3700037e-002
  1.3800000e-001  1.2685855e-001  1.3800000e-001  7.1378736e-002
  1.3900000e-001  8.3171360e-002  1.3900000e-001  7.9843601e-002
  1.4000000e-001  3.4858533e-002  1.4000000e-001  8.8902198e-002
  1.4100000e-001  3.2531697e-002  1.4100000e-001  9.8328339e-002
  1.4200000e-001  1.2978275e-001  1.4200000e-001  1.0832063e-001
  1.4300000e-001  2.2446450e-001  1.4300000e-001  1.1984236e-001
  1.4400000e-001  2.6930936e-001  1.4400000e-001  1.3170438e-001
  1.4500000e-001  2.7942438e-001  1.4500000e-001  1.4321083e-001
  1.4600000e-001  2.5202086e-001  1.4600000e-001  1.5399434e-001
  1.4700000e-001  1.9485805e-001  1.4700000e-001  1.6351954e-001
  1.4800000e-001  1.3495860e-001  1.4800000e-001  1.7154814e-001
  1.4900000e-001  8.7860222e-002  1.4900000e-001  1.7840295e-001
