  0.0000000e+000  1.0000000e+000  0.0000000e+000  1.0000000e+000
  1.0000000e-003  9.6452492e-001  1.0000000e-003  9.8429945e-001
  2.0000000e-003  8.9724182e-001  2.0000000e-003  9.6473676e-001
  3.0000000e-003  8.0878917e-001  3.0000000e-003  9.4156637e-001
  4.0000000e-003  7.0210452e-001  4.0000000e-003  9.1504476e-001
  5.0000000e-003  5.8444486e-001  5.0000000e-003  8.8548128e-001
  6.0000000e-003  4.7262069e-001  6.0000000e-003  8.5328698e-001
  7.0000000e-003  3.7833204e-001  7.0000000e-003  8.1895716e-001
  8.0000000e-003  2.9826438e-001  8.0000000e-003  7.8303311e-001
  9.0000000e-003  2.3762608e-001  9.0000000e-003  7.4594894e-001
  1.0000000e-002  1.9813192e-001  1.0000000e-002  7.0786443e-001
  1.1000000e-002  1.7995798e-001  1.1000000e-002  6.6890282e-001
  1.2000000e-002  1.8113010e-001  1.2000000e-002  6.2935281e-001
  1.3000000e-002  2.0075374e-001  1.3000000e-002  5.8956393e-001
  1.4000000e-002  2.3751232e-001  1.4000000e-002  5.4959140e-001
  1.5000000e-002  2.8355518e-001  1.5000000e-002  5.0934024e-001
  1.6000000e-002  3.2242411e-001  1.6000000e-002  4.6887310e-001
  1.7000000e-002  3.4695298e-001  1.7000000e-002  4.2829544e-001
  1.8000000e-002  3.5446160e-001  1.8000000e-002  3.8785217e-001
  1.9000000e-002  3.4699050e-001  1.9000000e-002  3.4796536e-001
  2.0000000e-002  3.2060886e-001  2.0000000e-002  3.0928624e-001
  2.1000000e-002  2.7637461e-001  2.1000000e-002  2.7214298e-001
  2.2000000e-002  2.2150150e-001  2.2000000e-002  2.3712705e-001
  2.3000000e-002  1.6567058e-001  2.3000000e-002  2.0522030e-001
  2.4000000e-002  1.1781500e-001  2.4000000e-002  1.7837734e-001
  2.5000000e-002  7.8910150e-002  2.5000000e-002  1.5707572e-001
  2.6000000e-002  5.6305076e-002  2.6000000e-002  1.3911001e-001
  2.7000000e-002  5.7239483e-002  2.7000000e-002  1.2344953e-001
  2.8000000e-002  7.9103039e-002  2.8000000e-002  1.1021987e-001
  2.9000000e-002  1.2561680e-001  2.9000000e-002  1.0032801e-001
  3.0000000e-002  1.8576330e-001  3.0000000e-002  9.4483645e-002
  3.1000000e-002  2.5383569e-001  3.1000000e-002  9.1858840e-002
  3.2000000e-002  3.2720753e-001  3.2000000e-002  9.1577900e-002
  3.3000000e-002  4.0184717e-001  3.3000000e-002  9.3722388e-002
  3.4000000e-002  4.6495630e-001  3.4000000e-002  9.9562439e-002
  3.5000000e-002  5.0830905e-001  3.5000000e-002  1.0718112e-001
  3.6000000e-002  5.3079344e-001  3.6000000e-002  1.1690665e-001
  3.7000000e-002  5.2554079e-001  3.7000000e-002  1.2928288e-001
  3.8000000e-002  4.9161238e-001  3.8000000e-002  1.4521778e-001
  3.9000000e-002  4.3678693e-001  3.9000000e-002  1.6582986e-001
  4.0000000e-002  3.7439874e-001  4.0000000e-002  1.8758924e-001
  4.1000000e-002  3.0195245e-001  4.1000000e-002  2.0984337e-001
  4.2000000e-002  2.2762656e-001  4.2000000e-002  2.3222259e-001
  4.3000000e-002  1.6669178e-001  4.3000000e-002  2.5475009e-001
  4.4000000e-002  1.2157990e-001  4.4000000e-002  2.7725467e-001
  4.5000000e-002  1.0725842e-001  4.5000000e-002  2.9908067e-001
  4.6000000e-002  1.0723299e-001  4.6000000e-002  3.1966813e-001
  4.7000000e-002  1.2386068e-001  4.7000000e-002  3.3864267e-001
  4.8000000e-002  1.3534301e-001  4.8000000e-002  3.5571792e-001
  4.9000000e-002  1.4111611e-001  4.9000000e-002  3.7060592e-001
  5.0000000e-002  1.4965704e-001  5.0000000e-002  3.8324743e-001
  5.1000000e-002  1.5194118e-001  5.1000000e-002  3.9386628e-001
  5.2000000e-002  1.4319831e-001  5.2000000e-002  4.0286506e-001
  5.3000000e-002  1.2458212e-001  5.3000000e-002  4.1040142e-001
  5.4000000e-002  9.6062636e-002  5.4000000e-002  4.1612357e-001
  5.5000000e-002  5.7136295e-002  5.5000000e-002  4.1953824e-001
  5.6000000e-002  1.2785572e-002  5.6000000e-002  4.2024102e-001
  5.7000000e-002  3.0236931e-002  5.7000000e-002  4.1785680e-001
  5.8000000e-002  7.1701966e-002  5.8000000e-002  4.1244429e-001
  5.9000000e-002  1.0872931e-001  5.9000000e-002  4.0437335e-001
  6.0000000e-002  1.3605538e-001  6.0000000e-002  3.9404295e-001
  6.1000000e-002  1.4811196e-001  6.1000000e-002  3.8165675e-001
  6.2000000e-002  1.3911077e-001  6.2000000e-002  3.6689696e-001
  6.3000000e-002  1.2151261e-001  6.3000000e-002  3.5071257e-001
  6.4000000e-002  8.8864098e-002  6.4000000e-002  3.3351678e-001
  6.5000000e-002  4.5567373e-002  6.5000000e-002  3.1501922e-001
  6.6000000e-002  1.0316066e-003  6.6000000e-002  2.9539294e-001
  6.7000000e-002  4.8209318e-002  6.7000000e-002  2.7495300e-001
  6.8000000e-002  1.0234318e-001  6.8000000e-002  2.5395347e-001
  6.9000000e-002  1.4604353e-001  6.9000000e-002  2.3270828e-001
  7.0000000e-002  1.7183029e-001  7.0000000e-002  2.1165446e-001
  7.1000000e-002  1.7828131e-001  7.1000000e-002  1.9104342e-001
  7.2000000e-002  1.6865166e-001  7.2000000e-002  1.7091504e-001
  7.3000000e-002  1.3988377e-001  7.3000000e-002  1.5136144e-001
  7.4000000e-002  9.6647552e-002  7.4000000e-002  1.3264817e-001
  7.5000000e-002  4.4822268e-002  7.5000000e-002  1.1505740e-001
  7.6000000e-002  2.0076999e-003  7.6000000e-002  9.8866115e-002
  7.7000000e-002  3.6354377e-002  7.7000000e-002  8.4247961e-002
  7.8000000e-002  6.0857767e-002  7.8000000e-002  7.1305081e-002
  7.9000000e-002  7.3687995e-002  7.9000000e-002  6.0191431e-002
  8.0000000e-002  7.5693513e-002  8.0000000e-002  5.0615703e-002
  8.1000000e-002  6.4694454e-002  8.1000000e-002  4.2585970e-002
  8.2000000e-002  4.9321241e-002  8.2000000e-002  4.0425425e-002
  8.3000000e-002  3.3276999e-002  8.3000000e-002  4.0986507e-002
  8.4000000e-002  6.9448776e-003  8.4000000e-002  4.3316052e-002
  8.5000000e-002  2.5632442e-002  8.5000000e-002  4.7678590e-002
  8.6000000e-002  5.3606386e-002  8.6000000e-002  5.4417431e-002
  8.7000000e-002  7.2190049e-002  8.7000000e-002  6.3528945e-002
  8.8000000e-002  8.8562055e-002  8.8000000e-002  7.4531865e-002
  8.9000000e-002  9.4628641e-002  8.9000000e-002  8.6955147e-002
  9.0000000e-002  8.8651319e-002  9.0000000e-002  1.0042203e-001
  9.1000000e-002  7.9240648e-002  9.1000000e-002  1.1455118e-001
  9.2000000e-002  5.3304476e-002  9.2000000e-002  1.2906745e-001
  9.3000000e-002  1.8078307e-002  9.3000000e-002  1.4380802e-001
  9.4000000e-002  1.9626252e-002  9.4000000e-002  1.5846094e-001
  9.5000000e-002  5.1763418e-002  9.5000000e-002  1.7409737e-001
  9.6000000e-002  7.1846590e-002  9.6000000e-002  1.9231991e-001
  9.7000000e-002  8.0582778e-002  9.7000000e-002  2.0998702e-001
  9.8000000e-002  7.5121929e-002  9.8000000e-002  2.2692107e-001
  9.9000000e-002  5.5262310e-002  9.9000000e-002  2.4297562e-001
  1.0000000e-001  1.4520239e-002  1.0000000e-001  2.5758751e-001
  1.0100000e-001  2.8770927e-002  1.0100000e-001  2.7128887e-001
  1.0200000e-001  7.1832806e-002  1.0200000e-001  2.8444318e-001
  1.0300000e-001  1.0790013e-001  1.0300000e-001  2.9683271e-001
  1.0400000e-001  1.2652927e-001  1.0400000e-001  3.0789131e-001
  1.0500000e-001  1.2496675e-001  1.0500000e-001  3.1707585e-001
  1.0600000e-001  1.0932628e-001  1.0600000e-001  3.2406128e-001
  1.0700000e-001  8.5403632e-002  1.0700000e-001  3.2854663e-001
  1.0800000e-001  5.7262919e-002  1.0800000e-001  3.3067057e-001
  1.0900000e-001  2.8986316e-002  1.0900000e-001  3.3038818e-001
  1.1000000e-001  2.0231443e-003  1.1000000e-001  3.2686435e-001
  1.1100000e-001  2.7635556e-002  1.1100000e-001  3.2097970e-001
  1.1200000e-001  5.6128118e-002  1.1200000e-001  3.1306853e-001
  1.1300000e-001  8.6956266e-002  1.1300000e-001  3.0425130e-001
  1.1400000e-001  1.1085804e-001  1.1400000e-001  2.9537857e-001
  1.1500000e-001  1.2450425e-001  1.1500000e-001  2.8695706e-001
  1.1600000e-001  1.2685412e-001  1.1600000e-001  2.7827178e-001
  1.1700000e-001  1.1985283e-001  1.1700000e-001  2.6859644e-001
  1.1800000e-001  1.0380424e-001  1.1800000e-001  2.5826760e-001
  1.1900000e-001  8.0597942e-002  1.1900000e-001  2.4926504e-001
  1.2000000e-001  5.3785614e-002  1.2000000e-001  2.4051086e-001
  1.2100000e-001  2.7073294e-002  1.2100000e-001  2.3139460e-001
  1.2200000e-001  2.9720412e-003  1.2200000e-001  2.2162216e-001
  1.2300000e-001  3.1972364e-002  1.2300000e-001  2.1134962e-001
  1.2400000e-001  5.9044146e-002  1.2400000e-001  2.0078592e-001
  1.2500000e-001  8.0030162e-002  1.2500000e-001  1.8994168e-001
  1.2600000e-001  9.4189118e-002  1.2600000e-001  1.7945195e-001
  1.2700000e-001  1.0002937e-001  1.2700000e-001  1.6926363e-001
  1.2800000e-001  9.5927150e-002  1.2800000e-001  1.5907805e-001
  1.2900000e-001  7.7126474e-002  1.2900000e-001  1.4904247e-001
  1.3000000e-001  5.6237534e-002  1.3000000e-001  1.3930207e-001
  1.3100000e-001  4.0174854e-002  1.3100000e-001  1.3004463e-001
  1.3200000e-001  3.0920751e-002  1.3200000e-001  1.2148967e-001
  1.3300000e-001  2.3305464e-002  1.3300000e-001  1.1386361e-001
  1.3400000e-001  1.8035654e-002  1.3400000e-001  1.0733271e-001
  1.3500000e-001  1.6183258e-002  1.3500000e-001  1.0199696e-001
  1.3600000e-001  1.3505282e-002  1.3600000e-001  9.8034680e-002
  1.3700000e-001  6.4970908e-003  1.3700000e-001  9.5760358e-002
  1.3800000e-001  2.6184108e-003  1.3800000e-001  9.5438928e-002
  1.3900000e-001  8.1604417e-003  1.3900000e-001  9.7132870e-002
  1.4000000e-001  9.4503142e-003  1.4000000e-001  1.0085819e-001
  1.4100000e-001  6.7324541e-003  1.4100000e-001  1.0808848e-001
  1.4200000e-001  5.6513934e-003  1.4200000e-001  1.1647135e-001
  1.4300000e-001  6.5011442e-003  1.4300000e-001  1.2429077e-001
  1.4400000e-001  4.1541207e-003  1.4400000e-001  1.3151010e-001
  1.4500000e-001  1.7480071e-003  1.4500000e-001  1.3865714e-001
  1.4600000e-001  8.2404021e-004  1.4600000e-001  1.4586784e-001
  1.4700000e-001  3.3046533e-003  1.4700000e-001  1.5363633e-001
  1.4800000e-001  7.2562546e-003  1.4800000e-001  1.6160696e-001
  1.4900000e-001  9.3262704e-003  1.4900000e-001  1.6924369e-001
