  0.0000000e+000  1.0000000e+000  0.0000000e+000  1.0000000e+000
  1.0000000e-003  9.9331151e-001  1.0000000e-003  9.8488629e-001
  2.0000000e-003  9.4815493e-001  2.0000000e-003  9.6501968e-001
  3.0000000e-003  8.7802799e-001  3.0000000e-003  9.4093534e-001
  4.0000000e-003  7.9226490e-001  4.0000000e-003  9.1328888e-001
  5.0000000e-003  6.9033601e-001  5.0000000e-003  8.8283232e-001
  6.0000000e-003  5.7931907e-001  6.0000000e-003  8.4994312e-001
  7.0000000e-003  4.6906234e-001  7.0000000e-003  8.1476252e-001
  8.0000000e-003  3.6819778e-001  8.0000000e-003  7.7772590e-001
  9.0000000e-003  2.8907729e-001  9.0000000e-003  7.3952166e-001
  1.0000000e-002  2.3638453e-001  1.0000000e-002  7.0090800e-001
  1.1000000e-002  2.0345110e-001  1.1000000e-002  6.6220121e-001
  1.2000000e-002  1.9554222e-001  1.2000000e-002  6.2504901e-001
  1.3000000e-002  2.1224725e-001  1.3000000e-002  5.8836524e-001
  1.4000000e-002  2.4226931e-001  1.4000000e-002  5.5151460e-001
  1.5000000e-002  2.7471257e-001  1.5000000e-002  5.1474145e-001
  1.6000000e-002  3.0625540e-001  1.6000000e-002  4.7837654e-001
  1.7000000e-002  3.3469066e-001  1.7000000e-002  4.4285232e-001
  1.8000000e-002  3.5873614e-001  1.8000000e-002  4.0884726e-001
  1.9000000e-002  3.7164499e-001  1.9000000e-002  3.7660542e-001
  2.0000000e-002  3.6431328e-001  2.0000000e-002  3.4581891e-001
  2.1000000e-002  3.3764660e-001  2.1000000e-002  3.1608489e-001
  2.2000000e-002  3.0194215e-001  2.2000000e-002  2.8722589e-001
  2.3000000e-002  2.7282267e-001  2.3000000e-002  2.5925741e-001
  2.4000000e-002  2.4329068e-001  2.4000000e-002  2.3236629e-001
  2.5000000e-002  2.1905223e-001  2.5000000e-002  2.0685232e-001
  2.6000000e-002  2.0704326e-001  2.6000000e-002  1.8310289e-001
  2.7000000e-002  2.0277496e-001  2.7000000e-002  1.6246344e-001
  2.8000000e-002  2.0375531e-001  2.8000000e-002  1.4470195e-001
  2.9000000e-002  2.1199039e-001  2.9000000e-002  1.2905197e-001
  3.0000000e-002  2.2600864e-001  3.0000000e-002  1.1559666e-001
  3.1000000e-002  2.4220017e-001  3.1000000e-002  1.0464128e-001
  3.2000000e-002  2.6254431e-001  3.2000000e-002  9.6606064e-002
  3.3000000e-002  2.8490000e-001  3.3000000e-002  9.1506949e-002
  3.4000000e-002  2.9992130e-001  3.4000000e-002  8.8782656e-002
  3.5000000e-002  3.0484970e-001  3.5000000e-002  8.8057070e-002
  3.6000000e-002  3.0189871e-001  3.6000000e-002  8.9104302e-002
  3.7000000e-002  2.8803373e-001  3.7000000e-002  9.3549776e-002
  3.8000000e-002  2.6057170e-001  3.8000000e-002  1.0106606e-001
  3.9000000e-002  2.2530172e-001  3.9000000e-002  1.1116264e-001
  4.0000000e-002  1.8434672e-001  4.0000000e-002  1.2325345e-001
  4.1000000e-002  1.4528220e-001  4.1000000e-002  1.3742324e-001
  4.2000000e-002  1.0906181e-001  4.2000000e-002  1.5352776e-001
  4.3000000e-002  8.5733228e-002  4.3000000e-002  1.7115586e-001
  4.4000000e-002  7.9876266e-002  4.4000000e-002  1.8987817e-001
  4.5000000e-002  8.3923416e-002  4.5000000e-002  2.0918026e-001
  4.6000000e-002  9.8043146e-002  4.6000000e-002  2.2851840e-001
  4.7000000e-002  1.1964991e-001  4.7000000e-002  2.4771935e-001
  4.8000000e-002  1.4269040e-001  4.8000000e-002  2.6665433e-001
  4.9000000e-002  1.6483966e-001  4.9000000e-002  2.8485699e-001
  5.0000000e-002  1.8367507e-001  5.0000000e-002  3.0167323e-001
  5.1000000e-002  1.9608983e-001  5.1000000e-002  3.1653219e-001
  5.2000000e-002  1.9768378e-001  5.2000000e-002  3.2902730e-001
  5.3000000e-002  1.8902267e-001  5.3000000e-002  3.3889875e-001
  5.4000000e-002  1.7121871e-001  5.4000000e-002  3.4598341e-001
  5.5000000e-002  1.3699352e-001  5.5000000e-002  3.5016984e-001
  5.6000000e-002  9.6587964e-002  5.6000000e-002  3.5152409e-001
  5.7000000e-002  4.1435915e-002  5.7000000e-002  3.5029945e-001
  5.8000000e-002  3.1913115e-002  5.8000000e-002  3.4672895e-001
  5.9000000e-002  1.1001049e-001  5.9000000e-002  3.4107336e-001
  6.0000000e-002  1.6456620e-001  6.0000000e-002  3.3369505e-001
  6.1000000e-002  1.8768086e-001  6.1000000e-002  3.2494166e-001
  6.2000000e-002  1.8937364e-001  6.2000000e-002  3.1496424e-001
  6.3000000e-002  1.7604864e-001  6.3000000e-002  3.0380255e-001
  6.4000000e-002  1.4117381e-001  6.4000000e-002  2.9288948e-001
  6.5000000e-002  9.3110734e-002  6.5000000e-002  2.8152464e-001
  6.6000000e-002  4.6636598e-002  6.6000000e-002  2.6929736e-001
  6.7000000e-002  1.3921074e-002  6.7000000e-002  2.5637425e-001
  6.8000000e-002  1.3363486e-002  6.8000000e-002  2.4300394e-001
  6.9000000e-002  4.0168061e-002  6.9000000e-002  2.2958532e-001
  7.0000000e-002  5.4345555e-002  7.0000000e-002  2.1647160e-001
  7.1000000e-002  5.8590346e-002  7.1000000e-002  2.0373008e-001
  7.2000000e-002  5.8317615e-002  7.2000000e-002  1.9130130e-001
  7.3000000e-002  5.6533529e-002  7.3000000e-002  1.7907753e-001
  7.4000000e-002  4.8874136e-002  7.4000000e-002  1.6713327e-001
  7.5000000e-002  3.6180503e-002  7.5000000e-002  1.5565434e-001
  7.6000000e-002  2.4056592e-002  7.6000000e-002  1.4471592e-001
  7.7000000e-002  1.9847796e-002  7.7000000e-002  1.3442189e-001
  7.8000000e-002  2.5286067e-002  7.8000000e-002  1.2492439e-001
  7.9000000e-002  3.2175704e-002  7.9000000e-002  1.1638934e-001
  8.0000000e-002  3.3343349e-002  8.0000000e-002  1.0886137e-001
  8.1000000e-002  3.3614860e-002  8.1000000e-002  1.0213703e-001
  8.2000000e-002  3.6611880e-002  8.2000000e-002  9.5832343e-002
  8.3000000e-002  4.2951847e-002  8.3000000e-002  8.9863576e-002
  8.4000000e-002  5.3425658e-002  8.4000000e-002  8.4309817e-002
  8.5000000e-002  6.3861340e-002  8.5000000e-002  7.9411136e-002
  8.6000000e-002  6.7838180e-002  8.6000000e-002  7.5297182e-002
  8.7000000e-002  6.2796610e-002  8.7000000e-002  7.2184607e-002
  8.8000000e-002  5.1463719e-002  8.8000000e-002  7.0499295e-002
  8.9000000e-002  3.3809339e-002  8.9000000e-002  7.0701403e-002
  9.0000000e-002  8.1623537e-003  9.0000000e-002  7.3145479e-002
  9.1000000e-002  2.0563203e-002  9.1000000e-002  7.8754206e-002
  9.2000000e-002  4.3625487e-002  9.2000000e-002  8.5401525e-002
  9.3000000e-002  6.5069224e-002  9.3000000e-002  9.2434225e-002
  9.4000000e-002  8.0828484e-002  9.4000000e-002  9.9806855e-002
  9.5000000e-002  9.1923944e-002  9.5000000e-002  1.0749949e-001
  9.6000000e-002  8.5923029e-002  9.6000000e-002  1.1498951e-001
  9.7000000e-002  5.5825246e-002  9.7000000e-002  1.2221002e-001
  9.8000000e-002  2.2222557e-002  9.8000000e-002  1.2928751e-001
  9.9000000e-002  9.1447932e-003  9.9000000e-002  1.3625614e-001
  1.0000000e-001  4.1315406e-002  1.0000000e-001  1.4292190e-001
  1.0100000e-001  6.8876043e-002  1.0100000e-001  1.4927620e-001
  1.0200000e-001  8.7119784e-002  1.0200000e-001  1.5510381e-001
  1.0300000e-001  9.3462284e-002  1.0300000e-001  1.6083822e-001
  1.0400000e-001  8.3678335e-002  1.0400000e-001  1.6713851e-001
  1.0500000e-001  6.7459304e-002  1.0500000e-001  1.7309871e-001
  1.0600000e-001  5.1374936e-002  1.0600000e-001  1.7880440e-001
  1.0700000e-001  3.0865121e-002  1.0700000e-001  1.8409906e-001
  1.0800000e-001  3.0849267e-003  1.0800000e-001  1.8867775e-001
  1.0900000e-001  3.0483135e-002  1.0900000e-001  1.9234707e-001
  1.1000000e-001  7.0550521e-002  1.1000000e-001  1.9492600e-001
  1.1100000e-001  1.1014338e-001  1.1100000e-001  1.9616274e-001
  1.1200000e-001  1.2811805e-001  1.1200000e-001  1.9596675e-001
  1.1300000e-001  1.3700120e-001  1.1300000e-001  1.9438596e-001
  1.1400000e-001  1.2908284e-001  1.1400000e-001  1.9143305e-001
  1.1500000e-001  1.1071253e-001  1.1500000e-001  1.8714215e-001
  1.1600000e-001  8.5791086e-002  1.1600000e-001  1.8157471e-001
  1.1700000e-001  6.0014085e-002  1.1700000e-001  1.7480274e-001
  1.1800000e-001  3.7484221e-002  1.1800000e-001  1.6692861e-001
  1.1900000e-001  1.4572005e-002  1.1900000e-001  1.5824596e-001
  1.2000000e-001  6.3895612e-003  1.2000000e-001  1.4915426e-001
  1.2100000e-001  2.1708428e-002  1.2100000e-001  1.3973569e-001
  1.2200000e-001  3.0610677e-002  1.2200000e-001  1.3004190e-001
  1.2300000e-001  3.0430120e-002  1.2300000e-001  1.2016402e-001
  1.2400000e-001  2.4051040e-002  1.2400000e-001  1.0987232e-001
  1.2500000e-001  2.0256021e-002  1.2500000e-001  9.9774251e-002
  1.2600000e-001  1.7647162e-002  1.2600000e-001  9.0261753e-002
  1.2700000e-001  1.0807858e-002  1.2700000e-001  8.1649302e-002
  1.2800000e-001  1.8727066e-003  1.2800000e-001  7.3965661e-002
  1.2900000e-001  1.8497017e-002  1.2900000e-001  6.6928046e-002
  1.3000000e-001  3.0815994e-002  1.3000000e-001  6.0270246e-002
  1.3100000e-001  3.4361358e-002  1.3100000e-001  5.3561566e-002
  1.3200000e-001  2.4798073e-002  1.3200000e-001  4.7009205e-002
  1.3300000e-001  5.6583503e-003  1.3300000e-001  4.0802060e-002
  1.3400000e-001  2.1237282e-002  1.3400000e-001  3.5010894e-002
  1.3500000e-001  4.5600894e-002  1.3500000e-001  2.9711365e-002
  1.3600000e-001  6.5144496e-002  1.3600000e-001  2.4976881e-002
  1.3700000e-001  7.8144391e-002  1.3700000e-001  2.0876446e-002
  1.3800000e-001  8.2133055e-002  1.3800000e-001  1.7478229e-002
  1.3900000e-001  7.8517837e-002  1.3900000e-001  1.4880470e-002
  1.4000000e-001  6.3246685e-002  1.4000000e-001  1.3493579e-002
  1.4100000e-001  3.8622872e-002  1.4100000e-001  1.4529208e-002
  1.4200000e-001  1.0470060e-002  1.4200000e-001  1.6590408e-002
  1.4300000e-001  1.8763389e-002  1.4300000e-001  1.9261650e-002
  1.4400000e-001  4.0946018e-002  1.4400000e-001  2.2530461e-002
  1.4500000e-001  5.9077350e-002  1.4500000e-001  2.6457108e-002
  1.4600000e-001  7.1005283e-002  1.4600000e-001  3.1013447e-002
  1.4700000e-001  8.1203753e-002  1.4700000e-001  3.6169857e-002
  1.4800000e-001  8.6329725e-002  1.4800000e-001  4.2056149e-002
  1.4900000e-001  8.4555451e-002  1.4900000e-001  4.8732739e-002
