  0.0000000e+000  1.0000000e+000  0.0000000e+000  1.0000000e+000
  1.0000000e-003  1.0027350e+000  1.0000000e-003  9.8433886e-001
  2.0000000e-003  9.7269924e-001  2.0000000e-003  9.6523902e-001
  3.0000000e-003  9.1563544e-001  3.0000000e-003  9.4302329e-001
  4.0000000e-003  8.4167157e-001  4.0000000e-003  9.1802383e-001
  5.0000000e-003  7.6383421e-001  5.0000000e-003  8.9098199e-001
  6.0000000e-003  6.7497685e-001  6.0000000e-003  8.6241630e-001
  7.0000000e-003  5.7538968e-001  7.0000000e-003  8.3200935e-001
  8.0000000e-003  4.7148300e-001  8.0000000e-003  7.9956053e-001
  9.0000000e-003  3.6824244e-001  9.0000000e-003  7.6516982e-001
  1.0000000e-002  2.8019545e-001  1.0000000e-002  7.2904654e-001
  1.1000000e-002  2.1469980e-001  1.1000000e-002  6.9149504e-001
  1.2000000e-002  1.7696565e-001  1.2000000e-002  6.5291428e-001
  1.3000000e-002  1.7640002e-001  1.3000000e-002  6.1376655e-001
  1.4000000e-002  1.9280235e-001  1.4000000e-002  5.7437398e-001
  1.5000000e-002  2.1906691e-001  1.5000000e-002  5.3512462e-001
  1.6000000e-002  2.4458078e-001  1.6000000e-002  4.9644454e-001
  1.7000000e-002  2.6302657e-001  1.7000000e-002  4.5870435e-001
  1.8000000e-002  2.7814292e-001  1.8000000e-002  4.2225940e-001
  1.9000000e-002  2.8068350e-001  1.9000000e-002  3.8697242e-001
  2.0000000e-002  2.6800795e-001  2.0000000e-002  3.5261391e-001
  2.1000000e-002  2.4278138e-001  2.1000000e-002  3.1922878e-001
  2.2000000e-002  2.2347800e-001  2.2000000e-002  2.8685643e-001
  2.3000000e-002  2.1045112e-001  2.3000000e-002  2.5569998e-001
  2.4000000e-002  1.9693519e-001  2.4000000e-002  2.2753050e-001
  2.5000000e-002  1.8455130e-001  2.5000000e-002  2.0624701e-001
  2.6000000e-002  1.6621857e-001  2.6000000e-002  1.8851791e-001
  2.7000000e-002  1.4298997e-001  2.7000000e-002  1.7244725e-001
  2.8000000e-002  1.2289778e-001  2.8000000e-002  1.5867200e-001
  2.9000000e-002  1.1831263e-001  2.9000000e-002  1.4741658e-001
  3.0000000e-002  1.2209227e-001  3.0000000e-002  1.3756761e-001
  3.1000000e-002  1.4204738e-001  3.1000000e-002  1.2963572e-001
  3.2000000e-002  1.8185709e-001  3.2000000e-002  1.2416182e-001
  3.3000000e-002  2.3089636e-001  3.3000000e-002  1.2079481e-001
  3.4000000e-002  2.8331276e-001  3.4000000e-002  1.1876588e-001
  3.5000000e-002  3.2946771e-001  3.5000000e-002  1.1775867e-001
  3.6000000e-002  3.6071770e-001  3.6000000e-002  1.1771976e-001
  3.7000000e-002  3.7520448e-001  3.7000000e-002  1.1879164e-001
  3.8000000e-002  3.7683105e-001  3.8000000e-002  1.2243829e-001
  3.9000000e-002  3.6392459e-001  3.9000000e-002  1.3015701e-001
  4.0000000e-002  3.3885366e-001  4.0000000e-002  1.4115597e-001
  4.1000000e-002  3.0230587e-001  4.1000000e-002  1.5515497e-001
  4.2000000e-002  2.5628265e-001  4.2000000e-002  1.7117055e-001
  4.3000000e-002  2.0289860e-001  4.3000000e-002  1.8824316e-001
  4.4000000e-002  1.4854053e-001  4.4000000e-002  2.0579764e-001
  4.5000000e-002  9.6661547e-002  4.5000000e-002  2.2335568e-001
  4.6000000e-002  5.2221637e-002  4.6000000e-002  2.4040055e-001
  4.7000000e-002  2.6502514e-002  4.7000000e-002  2.5669929e-001
  4.8000000e-002  2.0795386e-002  4.8000000e-002  2.7194446e-001
  4.9000000e-002  2.6492024e-002  4.9000000e-002  2.8575312e-001
  5.0000000e-002  3.7512780e-002  5.0000000e-002  2.9776279e-001
  5.1000000e-002  5.0443524e-002  5.1000000e-002  3.0818504e-001
  5.2000000e-002  5.8433616e-002  5.2000000e-002  3.1695341e-001
  5.3000000e-002  6.2497212e-002  5.3000000e-002  3.2407626e-001
  5.4000000e-002  5.8124010e-002  5.4000000e-002  3.2964055e-001
  5.5000000e-002  4.3553882e-002  5.5000000e-002  3.3366606e-001
  5.6000000e-002  2.5800976e-002  5.6000000e-002  3.3607926e-001
  5.7000000e-002  6.8529844e-003  5.7000000e-002  3.3687837e-001
  5.8000000e-002  1.4119152e-002  5.8000000e-002  3.3609693e-001
  5.9000000e-002  3.8636965e-002  5.9000000e-002  3.3369185e-001
  6.0000000e-002  6.5516890e-002  6.0000000e-002  3.2954731e-001
  6.1000000e-002  9.1787965e-002  6.1000000e-002  3.2328889e-001
  6.2000000e-002  1.1477236e-001  6.2000000e-002  3.1512703e-001
  6.3000000e-002  1.1934513e-001  6.3000000e-002  3.0585774e-001
  6.4000000e-002  1.0494617e-001  6.4000000e-002  2.9574195e-001
  6.5000000e-002  8.0343934e-002  6.5000000e-002  2.8503758e-001
  6.6000000e-002  5.2484426e-002  6.6000000e-002  2.7465289e-001
  6.7000000e-002  1.9593324e-002  6.7000000e-002  2.6420281e-001
  6.8000000e-002  1.8014409e-002  6.8000000e-002  2.5367152e-001
  6.9000000e-002  6.0898911e-002  6.9000000e-002  2.4287460e-001
  7.0000000e-002  1.0857843e-001  7.0000000e-002  2.3207244e-001
  7.1000000e-002  1.5505174e-001  7.1000000e-002  2.2133612e-001
  7.2000000e-002  2.0266189e-001  7.2000000e-002  2.1055817e-001
  7.3000000e-002  2.4032777e-001  7.3000000e-002  1.9979760e-001
  7.4000000e-002  2.5593860e-001  7.4000000e-002  1.8921358e-001
  7.5000000e-002  2.4860089e-001  7.5000000e-002  1.7902905e-001
  7.6000000e-002  2.2156410e-001  7.6000000e-002  1.6941282e-001
  7.7000000e-002  1.7796706e-001  7.7000000e-002  1.6028953e-001
  7.8000000e-002  1.2297723e-001  7.8000000e-002  1.5183205e-001
  7.9000000e-002  6.3380447e-002  7.9000000e-002  1.4609635e-001
  8.0000000e-002  4.7926450e-003  8.0000000e-002  1.4438123e-001
  8.1000000e-002  4.3385626e-002  8.1000000e-002  1.4325533e-001
  8.2000000e-002  6.4682151e-002  8.2000000e-002  1.4189965e-001
  8.3000000e-002  6.6084410e-002  8.3000000e-002  1.4085050e-001
  8.4000000e-002  5.9170923e-002  8.4000000e-002  1.3977044e-001
  8.5000000e-002  4.5244745e-002  8.5000000e-002  1.3876685e-001
  8.6000000e-002  2.5427878e-002  8.6000000e-002  1.3783850e-001
  8.7000000e-002  1.3640085e-004  8.7000000e-002  1.3730229e-001
  8.8000000e-002  2.5363953e-002  8.8000000e-002  1.3751021e-001
  8.9000000e-002  5.3530245e-002  8.9000000e-002  1.3862067e-001
  9.0000000e-002  8.4337514e-002  9.0000000e-002  1.4066209e-001
  9.1000000e-002  1.1474247e-001  9.1000000e-002  1.4359597e-001
  9.2000000e-002  1.4191324e-001  9.2000000e-002  1.4742427e-001
  9.3000000e-002  1.5947724e-001  9.3000000e-002  1.5218595e-001
  9.4000000e-002  1.5726124e-001  9.4000000e-002  1.5786267e-001
  9.5000000e-002  1.3570242e-001  9.5000000e-002  1.6424181e-001
  9.6000000e-002  1.0468323e-001  9.6000000e-002  1.7101366e-001
  9.7000000e-002  7.4005048e-002  9.7000000e-002  1.7789910e-001
  9.8000000e-002  4.6962482e-002  9.8000000e-002  1.8467054e-001
  9.9000000e-002  2.0844679e-002  9.9000000e-002  1.9114129e-001
  1.0000000e-001  4.4944568e-003  1.0000000e-001  1.9715439e-001
  1.0100000e-001  2.9971604e-003  1.0100000e-001  2.0258565e-001
  1.0200000e-001  5.6593276e-003  1.0200000e-001  2.0731459e-001
  1.0300000e-001  3.2630283e-003  1.0300000e-001  2.1111432e-001
  1.0400000e-001  7.3983478e-004  1.0400000e-001  2.1427644e-001
  1.0500000e-001  4.9982932e-003  1.0500000e-001  2.1706054e-001
  1.0600000e-001  1.3660580e-002  1.0600000e-001  2.1967508e-001
  1.0700000e-001  3.3040101e-002  1.0700000e-001  2.2172271e-001
  1.0800000e-001  6.9022005e-002  1.0800000e-001  2.2265473e-001
  1.0900000e-001  1.0922467e-001  1.0900000e-001  2.2250531e-001
  1.1000000e-001  1.3903992e-001  1.1000000e-001  2.2065789e-001
  1.1100000e-001  1.5540444e-001  1.1100000e-001  2.1695477e-001
  1.1200000e-001  1.5564505e-001  1.1200000e-001  2.1138151e-001
  1.1300000e-001  1.3673362e-001  1.1300000e-001  2.0402246e-001
  1.1400000e-001  1.0152013e-001  1.1400000e-001  1.9508408e-001
  1.1500000e-001  5.6656011e-002  1.1500000e-001  1.8483417e-001
  1.1600000e-001  1.0600134e-002  1.1600000e-001  1.7347004e-001
  1.1700000e-001  3.2570630e-002  1.1700000e-001  1.6128550e-001
  1.1800000e-001  5.2018276e-002  1.1800000e-001  1.4857427e-001
  1.1900000e-001  5.2289004e-002  1.1900000e-001  1.3553182e-001
  1.2000000e-001  1.7371879e-002  1.2000000e-001  1.2226795e-001
  1.2100000e-001  2.6210932e-002  1.2100000e-001  1.0993666e-001
  1.2200000e-001  6.6327934e-002  1.2200000e-001  9.7787803e-002
  1.2300000e-001  1.0482961e-001  1.2300000e-001  8.5586490e-002
  1.2400000e-001  1.3958929e-001  1.2400000e-001  7.3610083e-002
  1.2500000e-001  1.7072499e-001  1.2500000e-001  6.2213522e-002
  1.2600000e-001  2.0010445e-001  1.2600000e-001  5.1279709e-002
  1.2700000e-001  2.1923316e-001  1.2700000e-001  4.0398874e-002
  1.2800000e-001  2.2048148e-001  1.2800000e-001  2.9509855e-002
  1.2900000e-001  2.0388760e-001  1.2900000e-001  1.8856599e-002
  1.3000000e-001  1.7347524e-001  1.3000000e-001  8.5932438e-003
  1.3100000e-001  1.3719641e-001  1.3100000e-001  1.0413781e-003
  1.3200000e-001  1.0171644e-001  1.3200000e-001  9.5527452e-003
  1.3300000e-001  7.8166578e-002  1.3300000e-001  1.6420448e-002
  1.3400000e-001  6.5476665e-002  1.3400000e-001  2.2319634e-002
  1.3500000e-001  5.6436085e-002  1.3500000e-001  2.7336191e-002
  1.3600000e-001  5.0820924e-002  1.3600000e-001  3.1556104e-002
  1.3700000e-001  4.9641399e-002  1.3700000e-001  3.4236588e-002
  1.3800000e-001  5.5020988e-002  1.3800000e-001  3.5531182e-002
  1.3900000e-001  6.5069083e-002  1.3900000e-001  3.5808239e-002
  1.4000000e-001  7.3003082e-002  1.4000000e-001  3.5355431e-002
  1.4100000e-001  7.5384958e-002  1.4100000e-001  3.4713871e-002
  1.4200000e-001  7.4967933e-002  1.4200000e-001  3.2787845e-002
  1.4300000e-001  7.8819713e-002  1.4300000e-001  2.8226068e-002
  1.4400000e-001  8.3038228e-002  1.4400000e-001  2.3827770e-002
  1.4500000e-001  8.9631860e-002  1.4500000e-001  1.9587234e-002
  1.4600000e-001  8.9032570e-002  1.4600000e-001  1.5546287e-002
  1.4700000e-001  8.0500446e-002  1.4700000e-001  1.1847792e-002
  1.4800000e-001  6.8407633e-002  1.4800000e-001  8.5893197e-003
  1.4900000e-001  5.3679317e-002  1.4900000e-001  5.6637776e-003
