  0.0000000e+000  1.0000000e+000  0.0000000e+000  1.0000000e+000
  1.0000000e-003  9.9408959e-001  1.0000000e-003  1.0019818e+000
  2.0000000e-003  9.7095055e-001  2.0000000e-003  1.0021128e+000
  3.0000000e-003  9.3114778e-001  3.0000000e-003  1.0003918e+000
  4.0000000e-003  8.7569408e-001  4.0000000e-003  9.9682331e-001
  5.0000000e-003  8.0601833e-001  5.0000000e-003  9.9141715e-001
  6.0000000e-003  7.2392147e-001  6.0000000e-003  9.8418868e-001
  7.0000000e-003  6.3152262e-001  7.0000000e-003  9.7515866e-001
  8.0000000e-003  5.3119800e-001  8.0000000e-003  9.6435321e-001
  9.0000000e-003  4.2551757e-001  9.0000000e-003  9.5180381e-001
  1.0000000e-002  3.1719056e-001  1.0000000e-002  9.3754713e-001
  1.1000000e-002  2.0906622e-001  1.1000000e-002  9.2162501e-001
  1.2000000e-002  1.0457195e-001  1.2000000e-002  9.0408431e-001
  1.3000000e-002  2.5384829e-002  1.3000000e-002  8.8497684e-001
  1.4000000e-002  9.6424383e-002  1.4000000e-002  8.6435916e-001
  1.5000000e-002  1.7877655e-001  1.5000000e-002  8.4229251e-001
  1.6000000e-002  2.5082660e-001  1.6000000e-002  8.1884262e-001
  1.7000000e-002  3.1032505e-001  1.7000000e-002  7.9407958e-001
  1.8000000e-002  3.5603324e-001  1.8000000e-002  7.6807768e-001
  1.9000000e-002  3.8722893e-001  1.9000000e-002  7.4091527e-001
  2.0000000e-002  4.0364417e-001  2.0000000e-002  7.1267463e-001
  2.1000000e-002  4.0544912e-001  2.1000000e-002  6.8344183e-001
  2.2000000e-002  3.9323714e-001  2.2000000e-002  6.5330666e-001
  2.3000000e-002  3.6800279e-001  2.3000000e-002  6.2236258e-001
  2.4000000e-002  3.3111168e-001  2.4000000e-002  5.9070673e-001
  2.5000000e-002  2.8426552e-001  2.5000000e-002  5.5844009e-001
  2.6000000e-002  2.2947409e-001  2.6000000e-002  5.2566768e-001
  2.7000000e-002  1.6907973e-001  2.7000000e-002  4.9249909e-001
  2.8000000e-002  1.0609293e-001  2.8000000e-002  4.5904925e-001
  2.9000000e-002  4.7756629e-002  2.9000000e-002  4.2543968e-001
  3.0000000e-002  4.5711375e-002  3.0000000e-002  3.9180050e-001
  3.1000000e-002  9.9639740e-002  3.1000000e-002  3.5827363e-001
  3.2000000e-002  1.5500660e-001  3.2000000e-002  3.2501782e-001
  3.3000000e-002  2.0467621e-001  3.3000000e-002  2.9221686e-001
  3.4000000e-002  2.4632482e-001  3.4000000e-002  2.6009313e-001
  3.5000000e-002  2.7852071e-001  3.5000000e-002  2.2893048e-001
  3.6000000e-002  3.0032857e-001  3.6000000e-002  1.9911346e-001
  3.7000000e-002  3.1123785e-001  3.7000000e-002  1.7119492e-001
  3.8000000e-002  3.1114116e-001  3.8000000e-002  1.4600773e-001
  3.9000000e-002  3.0031660e-001  3.9000000e-002  1.2482029e-001
  4.0000000e-002  2.7940348e-001  4.0000000e-002  1.0943066e-001
  4.1000000e-002  2.4936973e-001  4.1000000e-002  1.0181600e-001
  4.2000000e-002  2.1147214e-001  4.2000000e-002  1.0296321e-001
  4.3000000e-002  1.6721468e-001  4.3000000e-002  1.1186090e-001
  4.4000000e-002  1.1832340e-001  4.4000000e-002  1.2618340e-001
  4.5000000e-002  6.6862706e-002  4.5000000e-002  1.4367305e-001
  4.6000000e-002  1.8562742e-002  4.6000000e-002  1.6271999e-001
  4.7000000e-002  4.2877242e-002  4.7000000e-002  1.8229567e-001
  4.8000000e-002  9.1738297e-002  4.8000000e-002  2.0175295e-001
  4.9000000e-002  1.3744453e-001  4.9000000e-002  2.2067426e-001
  5.0000000e-002  1.7779745e-001  5.0000000e-002  2.3877956e-001
  5.1000000e-002  2.1142063e-001  5.1000000e-002  2.5587337e-001
  5.2000000e-002  2.3727959e-001  5.2000000e-002  2.7181441e-001
  5.3000000e-002  2.5465041e-001  5.3000000e-002  2.8649782e-001
  5.4000000e-002  2.6312905e-001  5.4000000e-002  2.9984440e-001
  5.5000000e-002  2.6264352e-001  5.5000000e-002  3.1179402e-001
  5.6000000e-002  2.5346386e-001  5.6000000e-002  3.2230131e-001
  5.7000000e-002  2.3621300e-001  5.7000000e-002  3.3133289e-001
  5.8000000e-002  2.1189071e-001  5.8000000e-002  3.3886554e-001
  5.9000000e-002  1.8194317e-001  5.9000000e-002  3.4488481e-001
  6.0000000e-002  1.4847324e-001  6.0000000e-002  3.4938417e-001
  6.1000000e-002  1.1488195e-001  6.1000000e-002  3.5236425e-001
  6.2000000e-002  8.7670655e-002  6.2000000e-002  3.5383235e-001
  6.3000000e-002  7.8286862e-002  6.3000000e-002  3.5380203e-001
  6.4000000e-002  9.2571469e-002  6.4000000e-002  3.5229275e-001
  6.5000000e-002  1.2035103e-001  6.5000000e-002  3.4932959e-001
  6.6000000e-002  1.5123173e-001  6.6000000e-002  3.4494299e-001
  6.7000000e-002  1.8000563e-001  6.7000000e-002  3.3916856e-001
  6.8000000e-002  2.0401157e-001  6.8000000e-002  3.3204682e-001
  6.9000000e-002  2.2169853e-001  6.9000000e-002  3.2362309e-001
  7.0000000e-002  2.3213273e-001  7.0000000e-002  3.1394728e-001
  7.1000000e-002  2.3482394e-001  7.1000000e-002  3.0307380e-001
  7.2000000e-002  2.2965541e-001  7.2000000e-002  2.9106147e-001
  7.3000000e-002  2.1684761e-001  7.3000000e-002  2.7797351e-001
  7.4000000e-002  1.9693426e-001  7.4000000e-002  2.6387760e-001
  7.5000000e-002  1.7074808e-001  7.5000000e-002  2.4884613e-001
  7.6000000e-002  1.3943463e-001  7.6000000e-002  2.3295666e-001
  7.7000000e-002  1.0457580e-001  7.7000000e-002  2.1629277e-001
  7.8000000e-002  6.8853783e-002  7.8000000e-002  1.9894556e-001
  7.9000000e-002  4.0333233e-002  7.9000000e-002  1.8101633e-001
  8.0000000e-002  4.3991920e-002  8.0000000e-002  1.6262126e-001
  8.1000000e-002  7.4452867e-002  8.1000000e-002  1.4390023e-001
  8.2000000e-002  1.0904386e-001  8.2000000e-002  1.2503367e-001
  8.3000000e-002  1.4165351e-001  8.3000000e-002  1.0627713e-001
  8.4000000e-002  1.7010418e-001  8.4000000e-002  8.8036335e-002
  8.5000000e-002  1.9313423e-001  8.5000000e-002  7.1038856e-002
  8.6000000e-002  2.0990055e-001  8.6000000e-002  5.6715289e-002
  8.7000000e-002  2.1987130e-001  8.7000000e-002  4.7758699e-002
  8.8000000e-002  2.2280044e-001  8.8000000e-002  4.7393937e-002
  8.9000000e-002  2.1872175e-001  8.9000000e-002  5.5732822e-002
  9.0000000e-002  2.0794686e-001  9.0000000e-002  6.9581024e-002
  9.1000000e-002  1.9106518e-001  9.1000000e-002  8.6142979e-002
  9.2000000e-002  1.6895237e-001  9.2000000e-002  1.0392290e-001
  9.3000000e-002  1.4280945e-001  9.3000000e-002  1.2216858e-001
  9.4000000e-002  1.1430120e-001  9.4000000e-002  1.4046977e-001
  9.5000000e-002  8.6020602e-002  9.5000000e-002  1.5857612e-001
  9.6000000e-002  6.2958864e-002  9.6000000e-002  1.7631774e-001
  9.7000000e-002  5.4531354e-002  9.7000000e-002  1.9356877e-001
  9.8000000e-002  6.5414899e-002  9.8000000e-002  2.1022959e-001
  9.9000000e-002  8.6030007e-002  9.9000000e-002  2.2621760e-001
  1.0000000e-001  1.0778098e-001  1.0000000e-001  2.4146216e-001
  1.0100000e-001  1.2679824e-001  1.0100000e-001  2.5590175e-001
  1.0200000e-001  1.4123105e-001  1.0200000e-001  2.6948229e-001
  1.0300000e-001  1.5007943e-001  1.0300000e-001  2.8215609e-001
  1.0400000e-001  1.5283372e-001  1.0400000e-001  2.9388127e-001
  1.0500000e-001  1.4935869e-001  1.0500000e-001  3.0462136e-001
  1.0600000e-001  1.3985909e-001  1.0600000e-001  3.1434506e-001
  1.0700000e-001  1.2488939e-001  1.0700000e-001  3.2302609e-001
  1.0800000e-001  1.0543273e-001  1.0800000e-001  3.3064314e-001
  1.0900000e-001  8.3185952e-002  1.0900000e-001  3.3717975e-001
  1.1000000e-001  6.1578414e-002  1.1000000e-001  3.4262434e-001
  1.1100000e-001  4.8708395e-002  1.1100000e-001  3.4697018e-001
  1.1200000e-001  5.5303855e-002  1.1200000e-001  3.5021536e-001
  1.1300000e-001  7.7056335e-002  1.1300000e-001  3.5236281e-001
  1.1400000e-001  1.0377001e-001  1.1400000e-001  3.5342030e-001
  1.1500000e-001  1.3040719e-001  1.1500000e-001  3.5340042e-001
  1.1600000e-001  1.5451839e-001  1.1600000e-001  3.5232063e-001
  1.1700000e-001  1.7457668e-001  1.1700000e-001  3.5020325e-001
  1.1800000e-001  1.8949429e-001  1.1800000e-001  3.4707549e-001
  1.1900000e-001  1.9848413e-001  1.1900000e-001  3.4296949e-001
  1.2000000e-001  2.0102021e-001  1.2000000e-001  3.3792240e-001
  1.2100000e-001  1.9682769e-001  1.2100000e-001  3.3197642e-001
  1.2200000e-001  1.8587996e-001  1.2200000e-001  3.2517898e-001
  1.2300000e-001  1.6839450e-001  1.2300000e-001  3.1758290e-001
  1.2400000e-001  1.4482404e-001  1.2400000e-001  3.0924659e-001
  1.2500000e-001  1.1584149e-001  1.2500000e-001  3.0023439e-001
  1.2600000e-001  8.2318311e-002  1.2600000e-001  2.9061698e-001
  1.2700000e-001  4.5296849e-002  1.2700000e-001  2.8047194e-001
  1.2800000e-001  5.9884085e-003  1.2800000e-001  2.6988438e-001
  1.2900000e-001  3.4464517e-002  1.2900000e-001  2.5894786e-001
  1.3000000e-001  7.4588793e-002  1.3000000e-001  2.4776541e-001
  1.3100000e-001  1.1311678e-001  1.3100000e-001  2.3645084e-001
  1.3200000e-001  1.4876061e-001  1.3200000e-001  2.2513013e-001
  1.3300000e-001  1.8032318e-001  1.3300000e-001  2.1394299e-001
  1.3400000e-001  2.0674003e-001  1.3400000e-001  2.0304425e-001
  1.3500000e-001  2.2711792e-001  1.3500000e-001  1.9260470e-001
  1.3600000e-001  2.4076732e-001  1.3600000e-001  1.8281075e-001
  1.3700000e-001  2.4722739e-001  1.3700000e-001  1.7386183e-001
  1.3800000e-001  2.4628260e-001  1.3800000e-001  1.6596422e-001
  1.3900000e-001  2.3797081e-001  1.3900000e-001  1.5932011e-001
  1.4000000e-001  2.2258348e-001  1.4000000e-001  1.5411127e-001
  1.4100000e-001  2.0066007e-001  1.4100000e-001  1.5047866e-001
  1.4200000e-001  1.7298251e-001  1.4200000e-001  1.4850189e-001
  1.4300000e-001  1.4058672e-001  1.4300000e-001  1.4818429e-001
  1.4400000e-001  1.0485551e-001  1.4400000e-001  1.4944899e-001
  1.4500000e-001  6.8037308e-002  1.4500000e-001  1.5214790e-001
  1.4600000e-001  3.7050492e-002  1.4600000e-001  1.5608063e-001
  1.4700000e-001  3.9233600e-002  1.4700000e-001  1.6101749e-001
  1.4800000e-001  7.0860356e-002  1.4800000e-001  1.6672062e-001
  1.4900000e-001  1.0636179e-001  1.4900000e-001  1.7295974e-001
