  0.0000000e+000  1.0000000e+000  0.0000000e+000  1.0000000e+000
  1.0000000e-003  1.0068487e+000  1.0000000e-003  9.8895385e-001
  2.0000000e-003  9.7516908e-001  2.0000000e-003  9.7426116e-001
  3.0000000e-003  9.0699045e-001  3.0000000e-003  9.5641407e-001
  4.0000000e-003  8.1565444e-001  4.0000000e-003  9.3436999e-001
  5.0000000e-003  6.9650397e-001  5.0000000e-003  9.0814209e-001
  6.0000000e-003  5.5513564e-001  6.0000000e-003  8.7784027e-001
  7.0000000e-003  3.9811777e-001  7.0000000e-003  8.4376973e-001
  8.0000000e-003  2.5973100e-001  8.0000000e-003  8.0659363e-001
  9.0000000e-003  1.5011150e-001  9.0000000e-003  7.6851844e-001
  1.0000000e-002  7.5343622e-002  1.0000000e-002  7.2967819e-001
  1.1000000e-002  3.7749253e-002  1.1000000e-002  6.8986785e-001
  1.2000000e-002  3.3969166e-002  1.2000000e-002  6.4918301e-001
  1.3000000e-002  5.8517811e-002  1.3000000e-002  6.0786399e-001
  1.4000000e-002  1.0027236e-001  1.4000000e-002  5.6639040e-001
  1.5000000e-002  1.4740823e-001  1.5000000e-002  5.2530540e-001
  1.6000000e-002  1.9260644e-001  1.6000000e-002  4.8519799e-001
  1.7000000e-002  2.4454231e-001  1.7000000e-002  4.4643565e-001
  1.8000000e-002  2.9750997e-001  1.8000000e-002  4.0881671e-001
  1.9000000e-002  3.4199259e-001  1.9000000e-002  3.7236592e-001
  2.0000000e-002  3.7176751e-001  2.0000000e-002  3.3709111e-001
  2.1000000e-002  3.9052750e-001  2.1000000e-002  3.0304714e-001
  2.2000000e-002  4.0611491e-001  2.2000000e-002  2.7044336e-001
  2.3000000e-002  4.0378386e-001  2.3000000e-002  2.3961801e-001
  2.4000000e-002  3.8363750e-001  2.4000000e-002  2.1100853e-001
  2.5000000e-002  3.4616883e-001  2.5000000e-002  1.8541259e-001
  2.6000000e-002  3.0200829e-001  2.6000000e-002  1.6341289e-001
  2.7000000e-002  2.5426786e-001  2.7000000e-002  1.4493865e-001
  2.8000000e-002  2.1235306e-001  2.8000000e-002  1.2994926e-001
  2.9000000e-002  1.8846037e-001  2.9000000e-002  1.1847857e-001
  3.0000000e-002  1.8466117e-001  3.0000000e-002  1.1066393e-001
  3.1000000e-002  1.9523100e-001  3.1000000e-002  1.0746503e-001
  3.2000000e-002  2.1665287e-001  3.2000000e-002  1.0876937e-001
  3.3000000e-002  2.4790855e-001  3.3000000e-002  1.1331477e-001
  3.4000000e-002  2.7930384e-001  3.4000000e-002  1.2058369e-001
  3.5000000e-002  3.0016888e-001  3.5000000e-002  1.3014013e-001
  3.6000000e-002  3.1764400e-001  3.6000000e-002  1.4151042e-001
  3.7000000e-002  3.2394875e-001  3.7000000e-002  1.5422777e-001
  3.8000000e-002  3.1820392e-001  3.8000000e-002  1.6787021e-001
  3.9000000e-002  3.0228235e-001  3.9000000e-002  1.8206931e-001
  4.0000000e-002  2.7916490e-001  4.0000000e-002  1.9657850e-001
  4.1000000e-002  2.4293316e-001  4.1000000e-002  2.1116611e-001
  4.2000000e-002  1.9471628e-001  4.2000000e-002  2.2560561e-001
  4.3000000e-002  1.3747940e-001  4.3000000e-002  2.3970218e-001
  4.4000000e-002  7.5426081e-002  4.4000000e-002  2.5270984e-001
  4.5000000e-002  2.3986361e-002  4.5000000e-002  2.6442945e-001
  4.6000000e-002  7.8483139e-003  4.6000000e-002  2.7478594e-001
  4.7000000e-002  1.9251274e-002  4.7000000e-002  2.8368835e-001
  4.8000000e-002  9.0374210e-003  4.8000000e-002  2.9105782e-001
  4.9000000e-002  1.9353434e-002  4.9000000e-002  2.9674989e-001
  5.0000000e-002  6.0170187e-002  5.0000000e-002  3.0060673e-001
  5.1000000e-002  9.4990712e-002  5.1000000e-002  3.0262782e-001
  5.2000000e-002  1.2172448e-001  5.2000000e-002  3.0304191e-001
  5.3000000e-002  1.3608173e-001  5.3000000e-002  3.0212369e-001
  5.4000000e-002  1.4293520e-001  5.4000000e-002  2.9958132e-001
  5.5000000e-002  1.4502865e-001  5.5000000e-002  2.9461038e-001
  5.6000000e-002  1.3570686e-001  5.6000000e-002  2.8920738e-001
  5.7000000e-002  1.1335514e-001  5.7000000e-002  2.8347342e-001
  5.8000000e-002  8.1087204e-002  5.8000000e-002  2.7821145e-001
  5.9000000e-002  4.1158133e-002  5.9000000e-002  2.7416880e-001
  6.0000000e-002  1.2999675e-003  6.0000000e-002  2.6887634e-001
  6.1000000e-002  3.5600617e-002  6.1000000e-002  2.6237585e-001
  6.2000000e-002  6.2848701e-002  6.2000000e-002  2.5447029e-001
  6.3000000e-002  8.3606150e-002  6.3000000e-002  2.4525344e-001
  6.4000000e-002  9.7680756e-002  6.4000000e-002  2.3521585e-001
  6.5000000e-002  9.5623405e-002  6.5000000e-002  2.2495744e-001
  6.6000000e-002  7.7863624e-002  6.6000000e-002  2.1467793e-001
  6.7000000e-002  4.7964708e-002  6.7000000e-002  2.0494660e-001
  6.8000000e-002  1.1222797e-002  6.8000000e-002  1.9585078e-001
  6.9000000e-002  2.9509783e-002  6.9000000e-002  1.8681401e-001
  7.0000000e-002  6.1270298e-002  7.0000000e-002  1.7764118e-001
  7.1000000e-002  8.3531076e-002  7.1000000e-002  1.6834015e-001
  7.2000000e-002  9.4052336e-002  7.2000000e-002  1.5889672e-001
  7.3000000e-002  9.1920380e-002  7.3000000e-002  1.4862794e-001
  7.4000000e-002  7.7768140e-002  7.4000000e-002  1.3811688e-001
  7.5000000e-002  4.9535034e-002  7.5000000e-002  1.2843229e-001
  7.6000000e-002  9.1281966e-003  7.6000000e-002  1.1996989e-001
  7.7000000e-002  2.9090655e-002  7.7000000e-002  1.1269595e-001
  7.8000000e-002  6.5999870e-002  7.8000000e-002  1.0687039e-001
  7.9000000e-002  9.7230224e-002  7.9000000e-002  1.0242431e-001
  8.0000000e-002  1.2196845e-001  8.0000000e-002  9.8784427e-002
  8.1000000e-002  1.3554629e-001  8.1000000e-002  9.5863707e-002
  8.2000000e-002  1.3782321e-001  8.2000000e-002  9.3621063e-002
  8.3000000e-002  1.2921246e-001  8.3000000e-002  9.2036934e-002
  8.4000000e-002  1.1186219e-001  8.4000000e-002  9.1168923e-002
  8.5000000e-002  8.8800352e-002  8.5000000e-002  9.1093931e-002
  8.6000000e-002  5.9827426e-002  8.6000000e-002  9.2159237e-002
  8.7000000e-002  2.4728008e-002  8.7000000e-002  9.4683753e-002
  8.8000000e-002  1.0903375e-002  8.8000000e-002  9.8310041e-002
  8.9000000e-002  3.9977246e-002  8.9000000e-002  1.0267798e-001
  9.0000000e-002  5.9744324e-002  9.0000000e-002  1.0765842e-001
  9.1000000e-002  7.1679398e-002  9.1000000e-002  1.1265618e-001
  9.2000000e-002  7.0525006e-002  9.2000000e-002  1.1765969e-001
  9.3000000e-002  5.1443111e-002  9.3000000e-002  1.2289074e-001
  9.4000000e-002  2.3341243e-002  9.4000000e-002  1.2826077e-001
  9.5000000e-002  8.2418150e-003  9.5000000e-002  1.3357355e-001
  9.6000000e-002  4.1027497e-002  9.6000000e-002  1.3867393e-001
  9.7000000e-002  6.8329850e-002  9.7000000e-002  1.4352610e-001
  9.8000000e-002  8.7715977e-002  9.8000000e-002  1.4805430e-001
  9.9000000e-002  9.9167861e-002  9.9000000e-002  1.4918619e-001
  1.0000000e-001  1.0075630e-001  1.0000000e-001  1.4939776e-001
  1.0100000e-001  8.9738612e-002  1.0100000e-001  1.4904198e-001
  1.0200000e-001  7.0149180e-002  1.0200000e-001  1.4805958e-001
  1.0300000e-001  4.6152142e-002  1.0300000e-001  1.4644871e-001
  1.0400000e-001  2.0037686e-002  1.0400000e-001  1.4416687e-001
  1.0500000e-001  7.3633263e-003  1.0500000e-001  1.4147116e-001
  1.0600000e-001  2.7072001e-002  1.0600000e-001  1.3823618e-001
  1.0700000e-001  4.4457993e-002  1.0700000e-001  1.3447242e-001
  1.0800000e-001  5.7681921e-002  1.0800000e-001  1.2941424e-001
  1.0900000e-001  6.7246082e-002  1.0900000e-001  1.2256027e-001
  1.1000000e-001  7.4479558e-002  1.1000000e-001  1.1409774e-001
  1.1100000e-001  7.3712849e-002  1.1100000e-001  1.0422210e-001
  1.1200000e-001  5.8485841e-002  1.1200000e-001  9.3170718e-002
  1.1300000e-001  3.4034870e-002  1.1300000e-001  8.0678937e-002
  1.1400000e-001  3.9963865e-003  1.1400000e-001  6.6773747e-002
  1.1500000e-001  3.0148797e-002  1.1500000e-001  5.1990205e-002
  1.1600000e-001  6.2966109e-002  1.1600000e-001  3.6480796e-002
  1.1700000e-001  8.1900587e-002  1.1700000e-001  1.9889072e-002
  1.1800000e-001  8.9660004e-002  1.1800000e-001  2.4691639e-003
  1.1900000e-001  9.0462408e-002  1.1900000e-001  1.5423155e-002
  1.2000000e-001  8.4940671e-002  1.2000000e-001  3.3339536e-002
  1.2100000e-001  7.1206704e-002  1.2100000e-001  5.1059590e-002
  1.2200000e-001  4.8766124e-002  1.2200000e-001  6.8143075e-002
  1.2300000e-001  1.7219136e-002  1.2300000e-001  8.4011103e-002
  1.2400000e-001  2.0508878e-002  1.2400000e-001  9.8213664e-002
  1.2500000e-001  5.1604528e-002  1.2500000e-001  1.1072189e-001
  1.2600000e-001  7.0326589e-002  1.2600000e-001  1.2176611e-001
  1.2700000e-001  8.6016619e-002  1.2700000e-001  1.3128259e-001
  1.2800000e-001  9.7104712e-002  1.2800000e-001  1.3883142e-001
  1.2900000e-001  9.4326017e-002  1.2900000e-001  1.4384136e-001
  1.3000000e-001  8.2833982e-002  1.3000000e-001  1.4638699e-001
  1.3100000e-001  6.6745712e-002  1.3100000e-001  1.4688664e-001
  1.3200000e-001  5.0657778e-002  1.3200000e-001  1.4499027e-001
  1.3300000e-001  4.5283418e-002  1.3300000e-001  1.4051674e-001
  1.3400000e-001  4.0997848e-002  1.3400000e-001  1.3381791e-001
  1.3500000e-001  2.5136553e-002  1.3500000e-001  1.2601662e-001
  1.3600000e-001  1.0930036e-002  1.3600000e-001  1.1758685e-001
  1.3700000e-001  6.0489770e-004  1.3700000e-001  1.0883528e-001
  1.3800000e-001  2.8811322e-003  1.3800000e-001  1.0144956e-001
  1.3900000e-001  3.6830087e-003  1.3900000e-001  9.5269687e-002
  1.4000000e-001  1.2558364e-002  1.4000000e-001  8.9731452e-002
  1.4100000e-001  1.5769495e-002  1.4100000e-001  8.4721794e-002
  1.4200000e-001  1.4963357e-002  1.4200000e-001  8.0305087e-002
  1.4300000e-001  1.5041115e-002  1.4300000e-001  7.6341158e-002
  1.4400000e-001  2.7600528e-002  1.4400000e-001  7.2517577e-002
  1.4500000e-001  3.1687418e-002  1.4500000e-001  6.8530754e-002
  1.4600000e-001  2.9782374e-002  1.4600000e-001  6.4171647e-002
  1.4700000e-001  2.7184670e-002  1.4700000e-001  5.9370255e-002
  1.4800000e-001  2.1387588e-002  1.4800000e-001  5.4216828e-002
  1.4900000e-001  1.3794548e-002  1.4900000e-001  4.9038371e-002
